0	0	1.20904e-11
0	1	1.20904e-11
0	2	1.20904e-11
0	3	1.20904e-11
0	4	1.20904e-11
0	5	1.20904e-11
0	6	1.20904e-11
0	7	1.09751e-08
0	8	0.956457
0	9	818.789
0	10	598122
1	0	1.20904e-11
1	1	1.20904e-11
1	2	1.20904e-11
1	3	1.20904e-11
1	4	1.20904e-11
1	5	1.20904e-11
1	6	1.20904e-11
1	7	3.39051e-08
1	8	1.56716
1	9	1062.53
1	10	609836
2	0	1.20904e-11
2	1	1.20904e-11
2	2	1.20904e-11
2	3	1.20904e-11
2	4	1.20904e-11
2	5	1.20904e-11
2	6	1.20904e-11
2	7	1.43586e-06
2	8	8.84922
2	9	5966.6
2	10	523880
3	0	1.20904e-11
3	1	1.20904e-11
3	2	1.20904e-11
3	3	1.20904e-11
3	4	1.20904e-11
3	5	1.20904e-11
3	6	1.20904e-11
3	7	2.36621e-06
3	8	10.7046
3	9	6694.86
3	10	532352
4	0	1.20904e-11
4	1	1.20904e-11
4	2	1.20904e-11
4	3	1.20904e-11
4	4	1.20904e-11
4	5	1.20904e-11
4	6	1.20904e-11
4	7	7.49078e-05
4	8	61.0668
4	9	37933.1
4	10	436854
5	0	1.20904e-11
5	1	1.20904e-11
5	2	1.20904e-11
5	3	1.20904e-11
5	4	1.20904e-11
5	5	1.20904e-11
5	6	1.20904e-11
5	7	0.000415137
5	8	152.429
5	9	89041
5	10	404322
6	0	1.20904e-11
6	1	1.20904e-11
6	2	1.20904e-11
6	3	1.20904e-11
6	4	1.20904e-11
6	5	1.20904e-11
6	6	1.20904e-11
6	7	0.00208766
6	8	378.051
6	9	195432
6	10	378769
7	0	1.20904e-11
7	1	1.20904e-11
7	2	1.20904e-11
7	3	1.20904e-11
7	4	1.20904e-11
7	5	1.20904e-11
7	6	1.20904e-11
7	7	0.00980962
7	8	953.658
7	9	408411
7	10	362232
8	0	1.20904e-11
8	1	1.20904e-11
8	2	1.20904e-11
8	3	1.20904e-11
8	4	1.20904e-11
8	5	1.20904e-11
8	6	1.20904e-11
8	7	0.0438663
8	8	2448.67
8	9	809556
8	10	353093
9	0	1.20904e-11
9	1	1.20904e-11
9	2	1.20904e-11
9	3	1.20904e-11
9	4	1.20904e-11
9	5	1.20904e-11
9	6	8.67272e-11
9	7	0.188674
9	8	6324.39
9	9	1.51802e+06
9	10	349125
10	0	1.20904e-11
10	1	1.20904e-11
10	2	1.20904e-11
10	3	1.20904e-11
10	4	1.20904e-11
10	5	1.20904e-11
10	6	1.53701e-09
10	7	0.784234
10	8	16152.7
10	9	2.688e+06
10	10	347834
11	0	1.20904e-11
11	1	1.20904e-11
11	2	1.20904e-11
11	3	1.20904e-11
11	4	1.20904e-11
11	5	1.20904e-11
11	6	2.17546e-08
11	7	3.11784
11	8	40143.6
11	9	4.49042e+06
11	10	346605
12	0	1.20904e-11
12	1	1.20904e-11
12	2	1.20904e-11
12	3	1.20904e-11
12	4	1.20904e-11
12	5	1.20904e-11
12	6	2.51063e-07
12	7	11.9817
12	8	95886
12	9	7.07183e+06
12	10	342462
13	0	1.20904e-11
13	1	1.20904e-11
13	2	1.20904e-11
13	3	1.20904e-11
13	4	1.20904e-11
13	5	1.20904e-11
13	6	2.5748e-07
13	7	34.5293
13	8	140421
13	9	7.12388e+06
13	10	365919
14	0	1.20904e-11
14	1	1.20904e-11
14	2	1.20904e-11
14	3	1.20904e-11
14	4	1.20904e-11
14	5	1.20904e-11
14	6	2.00859e-05
14	7	156.933
14	8	470590
14	9	1.47289e+07
14	10	318209
15	0	1.20904e-11
15	1	1.20904e-11
15	2	1.20904e-11
15	3	1.20904e-11
15	4	1.20904e-11
15	5	1.20904e-11
15	6	2.51499e-05
15	7	467.816
15	8	722395
15	9	1.48745e+07
15	10	318751
16	0	1.20904e-11
16	1	1.20904e-11
16	2	1.20904e-11
16	3	1.20904e-11
16	4	1.20904e-11
16	5	1.20904e-11
16	6	0.000221399
16	7	1546.64
16	8	1.47911e+06
16	9	1.97652e+07
16	10	284828
17	0	1.20904e-11
17	1	1.20904e-11
17	2	1.20904e-11
17	3	1.20904e-11
17	4	1.20904e-11
17	5	1.20904e-11
17	6	0.00186804
17	7	4789.19
17	8	2.82315e+06
17	9	2.48689e+07
17	10	247458
18	0	1.20904e-11
18	1	1.20904e-11
18	2	1.20904e-11
18	3	1.20904e-11
18	4	1.20904e-11
18	5	1.20904e-11
18	6	0.0147147
18	7	13906.8
18	8	5.02122e+06
18	9	2.96634e+07
18	10	209998
19	0	1.20904e-11
19	1	1.20904e-11
19	2	1.20904e-11
19	3	1.20904e-11
19	4	1.20904e-11
19	5	1.20904e-11
19	6	0.103897
19	7	37875
19	8	8.32256e+06
19	9	3.35805e+07
19	10	175709
20	0	1.20904e-11
20	1	1.20904e-11
20	2	1.20904e-11
20	3	1.20904e-11
20	4	1.20904e-11
20	5	1.20904e-11
20	6	0.640997
20	7	96729.5
20	8	1.28615e+07
20	9	3.6114e+07
20	10	147272
21	0	1.20904e-11
21	1	1.20904e-11
21	2	1.20904e-11
21	3	1.20904e-11
21	4	1.20904e-11
21	5	1.20904e-11
21	6	3.4417
21	7	231604
21	8	1.85491e+07
21	9	3.68831e+07
21	10	126300
22	0	1.20904e-11
22	1	1.20904e-11
22	2	1.20904e-11
22	3	1.20904e-11
22	4	1.20904e-11
22	5	7.88909e-11
22	6	16.2598
22	7	519750
22	8	2.50019e+07
22	9	3.5862e+07
22	10	113778
23	0	1.20904e-11
23	1	1.20904e-11
23	2	1.20904e-11
23	3	1.20904e-11
23	4	1.20904e-11
23	5	1.2998e-09
23	6	68.7845
23	7	1.09291e+06
23	8	3.15548e+07
23	9	3.31358e+07
23	10	108902
24	0	1.20904e-11
24	1	1.20904e-11
24	2	1.20904e-11
24	3	1.20904e-11
24	4	1.20904e-11
24	5	1.76281e-08
24	6	265.078
24	7	2.15308e+06
24	8	3.73808e+07
24	9	2.91809e+07
24	10	110265
25	0	1.20904e-11
25	1	1.20904e-11
25	2	1.20904e-11
25	3	1.20904e-11
25	4	1.20904e-11
25	5	2.01787e-07
25	6	942.609
25	7	3.97466e+06
25	8	4.16892e+07
25	9	2.44615e+07
25	10	114972
26	0	1.20904e-11
26	1	1.20904e-11
26	2	1.20904e-11
26	3	1.20904e-11
26	4	1.20904e-11
26	5	4.42743e-06
26	6	3116.48
26	7	6.87911e+06
26	8	4.39379e+07
26	9	1.96419e+07
26	10	120214
27	0	1.20904e-11
27	1	1.20904e-11
27	2	1.20904e-11
27	3	1.20904e-11
27	4	1.20904e-11
27	5	4.52469e-05
27	6	9615.44
27	7	1.1171e+07
27	8	4.39816e+07
27	9	1.5142e+07
27	10	122782
28	0	1.20904e-11
28	1	1.20904e-11
28	2	1.20904e-11
28	3	1.20904e-11
28	4	1.20904e-11
28	5	0.000387337
28	6	27728.2
28	7	1.70365e+07
28	8	4.21019e+07
28	9	1.13575e+07
28	10	120877
29	0	1.20904e-11
29	1	1.20904e-11
29	2	1.20904e-11
29	3	1.20904e-11
29	4	1.20904e-11
29	5	0.00301542
29	6	74783.1
29	7	2.44256e+07
29	8	3.89114e+07
29	9	8.34337e+06
29	10	113381
30	0	1.20904e-11
30	1	1.20904e-11
30	2	1.20904e-11
30	3	1.20904e-11
30	4	1.20904e-11
30	5	0.0216705
30	6	188700
30	7	3.29629e+07
30	8	3.51667e+07
30	9	6.11925e+06
30	10	101232
31	0	1.20904e-11
31	1	1.20904e-11
31	2	1.20904e-11
31	3	1.20904e-11
31	4	1.20904e-11
31	5	0.142344
31	6	445606
31	7	4.19352e+07
31	8	3.15657e+07
31	9	4.50521e+06
31	10	85787.9
32	0	1.20904e-11
32	1	1.20904e-11
32	2	1.20904e-11
32	3	1.20904e-11
32	4	1.20904e-11
32	5	0.712895
32	6	985006
32	7	5.03436e+07
32	8	2.8724e+07
32	9	3.4953e+06
32	10	69696.2
33	0	1.20904e-11
33	1	1.20904e-11
33	2	1.20904e-11
33	3	1.20904e-11
33	4	1.20904e-11
33	5	3.34148
33	6	2.03891e+06
33	7	5.71857e+07
33	8	2.67148e+07
33	9	2.71486e+06
33	10	54713.2
34	0	1.20904e-11
34	1	1.20904e-11
34	2	1.20904e-11
34	3	1.20904e-11
34	4	1.20904e-11
34	5	14.662
34	6	3.95353e+06
34	7	6.16524e+07
34	8	2.54554e+07
34	9	2.12238e+06
34	10	42979.5
35	0	1.20904e-11
35	1	1.20904e-11
35	2	1.20904e-11
35	3	1.20904e-11
35	4	1.20904e-11
35	5	60.2369
35	6	7.18431e+06
35	7	6.33558e+07
35	8	2.46633e+07
35	9	1.66042e+06
35	10	34882.5
36	0	1.20904e-11
36	1	1.20904e-11
36	2	1.20904e-11
36	3	1.20904e-11
36	4	1.20904e-11
36	5	197.968
36	6	7.19907e+06
36	7	6.45182e+07
36	8	2.45402e+07
36	9	1.50958e+06
36	10	36840.4
37	0	1.20904e-11
37	1	1.20904e-11
37	2	1.20904e-11
37	3	1.20904e-11
37	4	6.05552e-11
37	5	835.074
37	6	1.95686e+07
37	7	5.94509e+07
37	8	2.30635e+07
37	9	1.06503e+06
37	10	31457.1
38	0	1.20904e-11
38	1	1.20904e-11
38	2	1.20904e-11
38	3	1.20904e-11
38	4	6.05552e-11
38	5	2619.83
38	6	1.9646e+07
38	7	6.17902e+07
38	8	2.33535e+07
38	9	963120
38	10	36260.2
39	0	1.20904e-11
39	1	1.20904e-11
39	2	1.20904e-11
39	3	1.20904e-11
39	4	1.24755e-08
39	5	8914.83
39	6	4.14364e+07
39	7	5.08185e+07
39	8	1.98596e+07
39	9	858999
39	10	42577.1
40	0	1.20904e-11
40	1	1.20904e-11
40	2	1.20904e-11
40	3	1.20904e-11
40	4	1.24756e-08
40	5	25553.2
40	6	4.17661e+07
40	7	5.38657e+07
40	8	2.0315e+07
40	9	801202
40	10	50974.7
41	0	1.20904e-11
41	1	1.20904e-11
41	2	1.20904e-11
41	3	1.20904e-11
41	4	1.17399e-06
41	5	73399.9
41	6	6.88395e+07
41	7	4.35991e+07
41	8	1.50018e+07
41	9	1.00776e+06
41	10	64262.5
42	0	1.20904e-11
42	1	1.20904e-11
42	2	1.20904e-11
42	3	1.20904e-11
42	4	3.17384e-06
42	5	188578
42	6	6.99592e+07
42	7	4.58502e+07
42	8	1.51455e+07
42	9	1.01623e+06
42	10	74699.8
43	0	1.20904e-11
43	1	1.20904e-11
43	2	1.20904e-11
43	3	1.20904e-11
43	4	2.85104e-05
43	5	463110
43	6	8.32363e+07
43	7	4.29311e+07
43	8	1.22495e+07
43	9	1.21626e+06
43	10	88760.3
44	0	1.20904e-11
44	1	1.20904e-11
44	2	1.20904e-11
44	3	1.20904e-11
44	4	0.000198283
44	5	1.06479e+06
44	6	9.4009e+07
44	7	4.13669e+07
44	8	9.48607e+06
44	9	1.40797e+06
44	10	101713
45	0	1.20904e-11
45	1	1.20904e-11
45	2	1.20904e-11
45	3	1.20904e-11
45	4	0.00120123
45	5	2.29406e+06
45	6	1.01195e+08
45	7	4.19425e+07
45	8	7.0519e+06
45	9	1.52959e+06
45	10	117056
46	0	1.20904e-11
46	1	1.20904e-11
46	2	1.20904e-11
46	3	1.20904e-11
46	4	0.00661299
46	5	4.635e+06
46	6	1.04329e+08
46	7	4.58586e+07
46	8	5.05635e+06
46	9	1.54301e+06
46	10	131311
47	0	1.20904e-11
47	1	1.20904e-11
47	2	1.20904e-11
47	3	1.20904e-11
47	4	0.0337594
47	5	8.78814e+06
47	6	1.03628e+08
47	7	5.47202e+07
47	8	3.52137e+06
47	9	1.44513e+06
47	10	152034
48	0	1.20904e-11
48	1	1.20904e-11
48	2	1.20904e-11
48	3	1.20904e-11
48	4	0.161302
48	5	1.56469e+07
48	6	9.98898e+07
48	7	7.02913e+07
48	8	2.40319e+06
48	9	1.26024e+06
48	10	174208
49	0	1.20904e-11
49	1	1.20904e-11
49	2	1.20904e-11
49	3	1.20904e-11
49	4	0.724277
49	5	2.61765e+07
49	6	9.43404e+07
49	7	9.38872e+07
49	8	1.62292e+06
49	9	1.02594e+06
49	10	211611
50	0	1.20904e-11
50	1	1.20904e-11
50	2	1.20904e-11
50	3	1.20904e-11
50	4	3.06231
50	5	4.11743e+07
50	6	8.85528e+07
50	7	1.2544e+08
50	8	1.09412e+06
50	9	781377
50	10	252415
51	0	1.20904e-11
51	1	1.20904e-11
51	2	1.20904e-11
51	3	1.20904e-11
51	4	12.2062
51	5	6.09347e+07
51	6	8.44597e+07
51	7	1.62726e+08
51	8	740913
51	9	559028
51	10	317931
52	0	1.20904e-11
52	1	1.20904e-11
52	2	1.20904e-11
52	3	1.20904e-11
52	4	45.9043
52	5	8.49088e+07
52	6	8.43781e+07
52	7	2.01467e+08
52	8	505359
52	9	380206
52	10	379953
53	0	1.20904e-11
53	1	1.20904e-11
53	2	1.20904e-11
53	3	1.20904e-11
53	4	162.991
53	5	1.11497e+08
53	6	9.09034e+07
53	7	2.36373e+08
53	8	347405
53	9	254689
53	10	465073
54	0	1.20904e-11
54	1	1.20904e-11
54	2	1.20904e-11
54	3	2.75499e-11
54	4	546.871
54	5	1.38114e+08
54	6	1.06595e+08
54	7	2.62481e+08
54	8	241318
54	9	183598
54	10	527817
55	0	1.20904e-11
55	1	1.20904e-11
55	2	1.20904e-11
55	3	4.53521e-10
55	4	1736.56
55	5	1.61583e+08
55	6	1.33413e+08
55	7	2.76129e+08
55	8	171822
55	9	163458
55	10	591569
56	0	1.20904e-11
56	1	1.20904e-11
56	2	1.20904e-11
56	3	6.11195e-09
56	4	5234.74
56	5	1.78797e+08
56	6	1.71818e+08
56	7	2.75466e+08
56	8	131527
56	9	189472
56	10	616555
57	0	1.20904e-11
57	1	1.20904e-11
57	2	1.20904e-11
57	3	6.85782e-08
57	4	15048.1
57	5	1.87454e+08
57	6	2.14024e+08
57	7	2.56818e+08
57	8	120183
57	9	254734
57	10	617457
58	0	1.20904e-11
58	1	1.20904e-11
58	2	1.20904e-11
58	3	6.53778e-07
58	4	39962
58	5	1.86614e+08
58	6	2.59296e+08
58	7	2.2895e+08
58	8	145299
58	9	352860
58	10	581246
59	0	1.20904e-11
59	1	1.20904e-11
59	2	1.20904e-11
59	3	1.45367e-06
59	4	49308.4
59	5	1.86607e+08
59	6	2.74799e+08
59	7	2.3253e+08
59	8	184286
59	9	374059
59	10	549207
60	0	1.20904e-11
60	1	1.20904e-11
60	2	1.20904e-11
60	3	4.00189e-05
60	4	240767
60	5	1.6014e+08
60	6	3.34193e+08
60	7	1.60288e+08
60	8	381395
60	9	603331
60	10	438120
61	0	1.20904e-11
61	1	1.20904e-11
61	2	1.20904e-11
61	3	0.000118845
61	4	366815
61	5	1.59954e+08
61	6	3.41017e+08
61	7	1.56867e+08
61	8	599313
61	9	644071
61	10	392430
62	0	1.20904e-11
62	1	1.20904e-11
62	2	1.20904e-11
62	3	0.00167794
62	4	1.18165e+06
62	5	1.16479e+08
62	6	3.52865e+08
62	7	9.64323e+07
62	8	1.07936e+06
62	9	818505
62	10	263662
63	0	1.20904e-11
63	1	1.20904e-11
63	2	1.20904e-11
63	3	0.00536903
63	4	1.97921e+06
63	5	1.15592e+08
63	6	3.32113e+08
63	7	8.7574e+07
63	8	1.65948e+06
63	9	829048
63	10	225029
64	0	1.20904e-11
64	1	1.20904e-11
64	2	1.20904e-11
64	3	0.0541231
64	4	4.77812e+06
64	5	7.55167e+07
64	6	3.06481e+08
64	7	5.14614e+07
64	8	2.46196e+06
64	9	876047
64	10	127233
65	0	1.20904e-11
65	1	1.20904e-11
65	2	1.20904e-11
65	3	0.181496
65	4	7.74125e+06
65	5	7.37164e+07
65	6	2.63996e+08
65	7	4.23828e+07
65	8	3.37318e+06
65	9	813131
65	10	104242
66	0	1.20904e-11
66	1	1.20904e-11
66	2	1.20904e-11
66	3	1.39588
66	4	1.62059e+07
66	5	4.86859e+07
66	6	2.31567e+08
66	7	2.54951e+07
66	8	4.33164e+06
66	9	750103
66	10	50787.1
67	0	1.20904e-11
67	1	1.20904e-11
67	2	1.20904e-11
67	3	4.78885
67	4	2.37588e+07
67	5	4.67307e+07
67	6	1.92842e+08
67	7	1.91949e+07
67	8	5.20179e+06
67	9	633944
67	10	40671.4
68	0	1.20904e-11
68	1	1.20904e-11
68	2	1.20904e-11
68	3	28.858
68	4	4.70621e+07
68	5	4.23474e+07
68	6	1.8624e+08
68	7	1.22964e+07
68	8	5.84434e+06
68	9	525090
68	10	18760.6
69	0	1.20904e-11
69	1	1.20904e-11
69	2	1.20904e-11
69	3	98.402
69	4	6.16827e+07
69	5	4.10777e+07
69	6	1.82005e+08
69	7	8.76178e+06
69	8	6.14738e+06
69	9	407265
69	10	15135.2
70	0	1.20904e-11
70	1	1.20904e-11
70	2	1.20904e-11
70	3	475.608
70	4	1.18689e+08
70	5	6.9531e+07
70	6	2.25406e+08
70	7	5.93132e+06
70	8	6.05521e+06
70	9	309571
70	10	7971.41
71	0	1.20904e-11
71	1	1.20904e-11
71	2	1.20904e-11
71	3	1564.54
71	4	1.41651e+08
71	5	6.93403e+07
71	6	2.80655e+08
71	7	4.12757e+06
71	8	5.59043e+06
71	9	223807
71	10	6500.55
72	0	1.20904e-11
72	1	1.20904e-11
72	2	1.20904e-11
72	3	5658.81
72	4	2.06341e+08
72	5	1.04223e+08
72	6	3.77749e+08
72	7	2.85162e+06
72	8	4.84252e+06
72	9	158518
72	10	4587.26
73	0	1.20904e-11
73	1	1.20904e-11
73	2	3.39359e-11
73	3	19174.1
73	4	2.92816e+08
73	5	1.5859e+08
73	6	5.03414e+08
73	7	1.97109e+06
73	8	3.94232e+06
73	9	109712
73	10	3323.51
74	0	1.20904e-11
74	1	1.20904e-11
74	2	3.45013e-10
74	3	60867.3
74	4	4.03675e+08
74	5	2.35439e+08
74	6	6.49185e+08
74	7	1.36068e+06
74	8	3.02605e+06
74	9	74596.8
74	10	2415.84
75	0	1.20904e-11
75	1	1.20904e-11
75	2	3.11287e-09
75	3	181068
75	4	5.37563e+08
75	5	3.33918e+08
75	6	7.97045e+08
75	7	937877
75	8	2.20399e+06
75	9	50073.8
75	10	1732.14
76	0	1.20904e-11
76	1	1.20904e-11
76	2	2.52715e-08
76	3	504952
76	4	6.86464e+08
76	5	4.46369e+08
76	6	9.3376e+08
76	7	644899
76	8	1.54819e+06
76	9	33327.3
76	10	1213.14
77	0	1.20904e-11
77	1	1.20904e-11
77	2	1.87127e-07
77	3	1.32071e+06
77	4	8.35475e+08
77	5	5.58312e+08
77	6	1.04232e+09
77	7	442680
77	8	1.09156e+06
77	9	22076.9
77	10	826.214
78	0	1.20904e-11
78	1	1.20904e-11
78	2	1.27991e-06
78	3	3.24135e+06
78	4	9.66642e+08
78	5	6.52275e+08
78	6	1.1088e+09
78	7	303649
78	8	838867
78	9	14612.2
78	10	546.294
79	0	1.20904e-11
79	1	1.20904e-11
79	2	8.17631e-06
79	3	7.46847e+06
79	4	1.06497e+09
79	5	7.14097e+08
79	6	1.12514e+09
79	7	208456
79	8	779601
79	9	9722.63
79	10	350.532
80	0	1.20904e-11
80	1	1.20904e-11
80	2	4.92105e-05
80	3	1.61638e+07
80	4	1.1228e+09
80	5	7.37573e+08
80	6	1.09061e+09
80	7	143554
80	8	896203
80	9	6591.56
80	10	218.237
81	0	1.20904e-11
81	1	1.20904e-11
81	2	0.000281939
81	3	3.28777e+07
81	4	1.14059e+09
81	5	7.25876e+08
81	6	1.01145e+09
81	7	99523.3
81	8	1.16569e+06
81	9	4700.68
81	10	131.818
82	0	1.20904e-11
82	1	1.20904e-11
82	2	0.00153467
82	3	6.28917e+07
82	4	1.12481e+09
82	5	6.90285e+08
82	6	8.99131e+08
82	7	69798.1
82	8	1.55592e+06
82	9	3747.6
82	10	77.2916
83	0	1.20904e-11
83	1	1.20904e-11
83	2	0.00791452
83	3	1.13015e+08
83	4	1.07948e+09
83	5	6.42517e+08
83	6	7.67709e+08
83	7	49635.1
83	8	2.02119e+06
83	9	3580.9
83	10	44.1743
84	0	1.20904e-11
84	1	1.20904e-11
84	2	0.00842304
84	3	1.14079e+08
84	4	1.1298e+09
84	5	6.94198e+08
84	6	7.72729e+08
84	7	50325.7
84	8	2.51223e+06
84	9	4600.52
84	10	44.3934
85	0	1.20904e-11
85	1	1.20904e-11
85	2	0.181931
85	3	3.04459e+08
85	4	9.59656e+08
85	5	6.1716e+08
85	6	5.00934e+08
85	7	27263.1
85	8	2.92923e+06
85	9	5479.84
85	10	14.4432
86	0	1.20904e-11
86	1	1.20904e-11
86	2	0.20563
86	3	3.13842e+08
86	4	9.90539e+08
86	5	7.44762e+08
86	6	4.76931e+08
86	7	27657.5
86	8	3.24342e+06
86	9	7660.24
86	10	14.8691
87	0	1.20904e-11
87	1	1.20904e-11
87	2	3.4493
87	3	6.46868e+08
87	4	8.28304e+08
87	5	7.96049e+08
87	6	2.8819e+08
87	7	17305.3
87	8	3.38734e+06
87	9	10118.5
87	10	7.38538
88	0	1.20904e-11
88	1	1.20904e-11
88	2	4.14812
88	3	6.83006e+08
88	4	8.2121e+08
88	5	1.01524e+09
88	6	2.53621e+08
88	7	17124.8
88	8	3.35465e+06
88	9	13143.2
88	10	8.20381
89	0	1.20904e-11
89	1	1.20904e-11
89	2	53.9814
89	3	1.0938e+09
89	4	6.87645e+08
89	5	1.20351e+09
89	6	1.5136e+08
89	7	12473.9
89	8	3.15099e+06
89	9	16094.7
89	10	9.08425
90	0	1.20904e-11
90	1	1.20904e-11
90	2	69.8676
90	3	1.15354e+09
90	4	6.50776e+08
90	5	1.46616e+09
90	6	1.22564e+08
90	7	11995.4
90	8	2.81862e+06
90	9	18710.7
90	10	10.6377
91	0	1.20904e-11
91	1	1.20904e-11
91	2	698.642
91	3	1.50072e+09
91	4	5.37986e+08
91	5	1.68773e+09
91	6	7.55118e+07
91	7	9954.13
91	8	2.40739e+06
91	9	20541.6
91	10	16.0801
92	0	1.20904e-11
92	1	1.20904e-11
92	2	987.637
92	3	1.53293e+09
92	4	4.93229e+08
92	5	1.87965e+09
92	6	5.71597e+07
92	7	10026.8
92	8	1.97123e+06
92	9	21327.7
92	10	19.0174
93	0	1.20904e-11
93	1	1.20904e-11
93	2	7506.71
93	3	1.74817e+09
93	4	3.88988e+08
93	5	1.98973e+09
93	6	3.69713e+07
93	7	10321.1
93	8	1.55369e+06
93	9	20970.1
93	10	30.0666
94	0	1.20904e-11
94	1	1.20904e-11
94	2	11724.6
94	3	1.74382e+09
94	4	3.49142e+08
94	5	2.00928e+09
94	6	2.68223e+07
94	7	13278
94	8	1.18379e+06
94	9	19570.8
94	10	35.6453
95	0	1.20904e-11
95	1	4.19246e-11
95	2	67321.5
95	3	1.89745e+09
95	4	2.5673e+08
95	5	1.93588e+09
95	6	1.81233e+07
95	7	19663.4
95	8	876475
95	9	17369.3
95	10	56.7986
96	0	1.20904e-11
96	1	1.7662e-10
96	2	116168
96	3	1.94837e+09
96	4	2.25407e+08
96	5	1.7804e+09
96	6	1.29172e+07
96	7	32951.6
96	8	633410
96	9	14726.5
96	10	67.5569
97	0	1.20904e-11
97	1	1.89917e-09
97	2	340418
97	3	2.12054e+09
97	4	1.71962e+08
97	5	1.56926e+09
97	6	9.11726e+06
97	7	58130.2
97	8	449778
97	9	11954
97	10	92.7914
98	0	1.20904e-11
98	1	1.7826e-08
98	2	949060
98	3	2.3573e+09
98	4	1.29772e+08
98	5	1.32947e+09
98	6	6.59296e+06
98	7	103728
98	8	316112
98	9	9341.03
98	10	129.447
99	0	1.20904e-11
99	1	1.47738e-07
99	2	2.5151e+06
99	3	2.64849e+09
99	4	9.24354e+07
99	5	1.08714e+09
99	6	4.93727e+06
99	7	182444
99	8	222229
99	9	7060.42
99	10	178.86
100	0	1.20904e-11
100	1	1.09432e-06
100	2	6.33853e+06
100	3	2.96062e+09
100	4	6.58018e+07
100	5	8.62476e+08
100	6	3.93542e+06
100	7	313775
100	8	158819
100	9	5214.67
100	10	249.426
101	0	1.20904e-11
101	1	7.33579e-06
101	2	1.49934e+07
101	3	3.24034e+09
101	4	4.37952e+07
101	5	6.678e+08
101	6	3.38692e+06
101	7	524224
101	8	118174
101	9	3800.98
101	10	343.922
102	0	1.20904e-11
102	1	4.5059e-05
102	2	3.35712e+07
102	3	3.44071e+09
102	4	3.01063e+07
102	5	5.08576e+08
102	6	3.21334e+06
102	7	850878
102	8	94423.7
102	9	2813.26
102	10	472.399
103	0	1.20904e-11
103	1	0.000256516
103	2	7.11192e+07
103	3	3.52148e+09
103	4	2.00152e+07
103	5	3.84687e+08
103	6	3.35537e+06
103	7	1.3388e+06
103	8	83231.2
103	9	2166.55
103	10	637.797
104	0	1.20904e-11
104	1	0.00136678
104	2	1.42528e+08
104	3	3.46246e+09
104	4	1.56721e+07
104	5	2.92999e+08
104	6	3.81024e+06
104	7	2.0448e+06
104	8	81580.5
104	9	1855.62
104	10	846.118
105	0	1.20904e-11
105	1	0.00686877
105	2	2.70238e+08
105	3	3.26881e+09
105	4	1.46249e+07
105	5	2.29277e+08
105	6	4.59909e+06
105	7	3.02854e+06
105	8	87274.8
105	9	1777.44
105	10	1093.11
106	0	1.20904e-11
106	1	0.0327801
106	2	4.84877e+08
106	3	2.96663e+09
106	4	1.86326e+07
106	5	1.89875e+08
106	6	5.76995e+06
106	7	4.35699e+06
106	8	98852.6
106	9	1999.49
106	10	1373.11
107	0	1.20904e-11
107	1	0.14886
107	2	8.23551e+08
107	3	2.59509e+09
107	4	2.7981e+07
107	5	1.72455e+08
107	6	7.38137e+06
107	7	6.08628e+06
107	8	115061
107	9	2405.92
107	10	1665.67
108	0	1.20904e-11
108	1	0.643957
108	2	1.31854e+09
108	3	2.19507e+09
108	4	4.54885e+07
108	5	1.76592e+08
108	6	9.49447e+06
108	7	8.27207e+06
108	8	135100
108	9	3193.51
108	10	1953.81
109	0	1.20904e-11
109	1	2.66418
109	2	2.00379e+09
109	3	1.80397e+09
109	4	7.45727e+07
109	5	2.03601e+08
109	6	1.21587e+07
109	7	1.09391e+07
109	8	157968
109	9	4200.04
109	10	2205.27
110	0	1.20904e-11
110	1	10.5464
110	2	2.89026e+09
110	3	1.44753e+09
110	4	1.20652e+08
110	5	2.56634e+08
110	6	1.54064e+07
110	7	1.41083e+07
110	8	183183
110	9	5843.57
110	10	2411.57
111	0	1.20904e-11
111	1	39.9586
111	2	3.95813e+09
111	3	1.1403e+09
111	4	1.90822e+08
111	5	3.40127e+08
111	6	1.92436e+07
111	7	1.77482e+07
111	8	209741
111	9	7850.99
111	10	2547.72
112	0	1.20904e-11
112	1	144.921
112	2	5.15062e+09
112	3	8.87495e+08
112	4	2.94197e+08
112	5	4.60102e+08
112	6	2.36547e+07
112	7	2.18273e+07
112	8	237609
112	9	11039
112	10	2643.81
113	0	1.20904e-11
113	1	503.102
113	2	6.37745e+09
113	3	6.88346e+08
113	4	4.41882e+08
113	5	6.23747e+08
113	6	2.86022e+07
113	7	2.62541e+07
113	8	265740
113	9	14932.7
113	10	2691.44
114	0	1.20904e-11
114	1	1671.55
114	2	7.52926e+09
114	3	5.39309e+08
114	4	6.46748e+08
114	5	8.40309e+08
114	6	3.40459e+07
114	7	3.09418e+07
114	8	295028
114	9	21092.8
114	10	2779.87
115	0	1.20904e-11
115	1	5313.9
115	2	8.49992e+09
115	3	4.367e+08
115	4	9.23206e+08
115	5	1.12069e+09
115	6	3.99508e+07
115	7	3.57666e+07
115	8	324292
115	9	28649.5
115	10	2899.47
116	0	1.20904e-11
116	1	6197.28
116	2	9.00727e+09
116	3	4.04312e+08
116	4	9.65457e+08
116	5	1.15965e+09
116	6	4.54202e+07
116	7	4.04786e+07
116	8	348852
116	9	33804
116	10	3016.21
117	0	1.20904e-11
117	1	19613.4
117	2	9.36382e+09
117	3	3.70202e+08
117	4	1.36805e+09
117	5	1.55123e+09
117	6	5.20696e+07
117	7	4.53126e+07
117	8	381036
117	9	48429.2
117	10	3465.02
118	0	1.20904e-11
118	1	59890.6
118	2	9.53284e+09
118	3	3.89989e+08
118	4	1.90601e+09
118	5	2.06861e+09
118	6	5.91816e+07
118	7	4.99128e+07
118	8	413452
118	9	65279
118	10	4102.97
119	0	1.20904e-11
119	1	176543
119	2	9.33833e+09
119	3	4.67734e+08
119	4	2.60666e+09
119	5	2.74128e+09
119	6	6.69536e+07
119	7	5.42484e+07
119	8	453804
119	9	92075.5
119	10	5338.26
120	0	1.20904e-11
120	1	501869
120	2	9.05245e+09
120	3	6.13008e+08
120	4	3.48756e+09
120	5	3.58757e+09
120	6	7.55966e+07
120	7	5.82927e+07
120	8	495287
120	9	120980
120	10	6966.17
121	0	1.20904e-11
121	1	1.37166e+06
121	2	8.50481e+09
121	3	8.3726e+08
121	4	4.5528e+09
121	5	4.61412e+09
121	6	8.53449e+07
121	7	6.20353e+07
121	8	548209
121	9	162017
121	10	9739.94
122	0	1.20904e-11
122	1	3.58706e+06
122	2	7.96061e+09
122	3	1.15667e+09
122	4	5.79862e+09
122	5	5.8147e+09
122	6	9.63421e+07
122	7	6.5486e+07
122	8	601555
122	9	202722
122	10	13229.2
123	0	1.20904e-11
123	1	8.92604e+06
123	2	7.24214e+09
123	3	1.58974e+09
123	4	7.21997e+09
123	5	7.18392e+09
123	6	1.08621e+08
123	7	6.86966e+07
123	8	662633
123	9	250493
123	10	18748.1
124	0	1.20904e-11
124	1	2.10284e+07
124	2	6.57831e+09
124	3	2.16227e+09
124	4	8.81717e+09
124	5	8.7129e+09
124	6	1.2193e+08
124	7	7.17845e+07
124	8	721426
124	9	292770
124	10	25491.9
125	0	1.20904e-11
125	1	4.67257e+07
125	2	5.80982e+09
125	3	2.9039e+09
125	4	1.05947e+10
125	5	1.04006e+10
125	6	1.3573e+08
125	7	7.49208e+07
125	8	780815
125	9	331896
125	10	35955.1
126	0	1.20904e-11
126	1	9.02695e+07
126	2	5.1184e+09
126	3	3.7536e+09
126	4	1.24024e+10
126	5	1.20809e+10
126	6	1.48944e+08
126	7	7.82328e+07
126	8	838171
126	9	359320
126	10	48143.9
127	0	1.20904e-11
127	1	1.66818e+08
127	2	4.38459e+09
127	3	4.76486e+09
127	4	1.43513e+10
127	5	1.38525e+10
127	6	1.60271e+08
127	7	8.18274e+07
127	8	897746
127	9	378185
127	10	66898.7
128	0	1.20904e-11
128	1	2.95057e+08
128	2	3.73445e+09
128	3	5.94611e+09
128	4	1.64296e+10
128	5	1.56838e+10
128	6	1.68196e+08
128	7	8.58024e+07
128	8	966821
128	9	383423
128	10	87142.3
129	0	1.20904e-11
129	1	4.99809e+08
129	2	3.09458e+09
129	3	7.29983e+09
129	4	1.86226e+10
129	5	1.7543e+10
129	6	1.71719e+08
129	7	9.03218e+07
129	8	1.05961e+06
129	9	384619
129	10	116089
130	0	1.20904e-11
130	1	8.11403e+08
130	2	2.53853e+09
130	3	8.82689e+09
130	4	2.09148e+10
130	5	1.93947e+10
130	6	1.70218e+08
130	7	9.55933e+07
130	8	1.19742e+06
130	9	378845
130	10	144725
131	0	2.26469e-11
131	1	1.26335e+09
131	2	2.03564e+09
131	3	1.0521e+10
131	4	2.32903e+10
131	5	2.1206e+10
131	6	1.64185e+08
131	7	1.01799e+08
131	8	1.40966e+06
131	9	378293
131	10	179811
132	0	2.11564e-10
132	1	1.88806e+09
132	2	1.62327e+09
132	3	1.23747e+10
132	4	2.57342e+10
132	5	2.29474e+10
132	6	1.5429e+08
132	7	1.0896e+08
132	8	1.73326e+06
132	9	382133
132	10	211153
133	0	1.73116e-09
133	1	2.71087e+09
133	2	1.29709e+09
133	3	1.43721e+10
133	4	2.82304e+10
133	5	2.45922e+10
133	6	1.42323e+08
133	7	1.16908e+08
133	8	2.21548e+06
133	9	398818
133	10	242881
134	0	1.25725e-08
134	1	3.74361e+09
134	2	1.07524e+09
134	3	1.6497e+10
134	4	3.07588e+10
134	5	2.61153e+10
134	6	1.29305e+08
134	7	1.25238e+08
134	8	2.91506e+06
134	9	430763
134	10	266501
135	0	8.21791e-08
135	1	5.08845e+09
135	2	9.64679e+08
135	3	1.8723e+10
135	4	3.32938e+10
135	5	2.74929e+10
135	6	1.17377e+08
135	7	1.33312e+08
135	8	3.90741e+06
135	9	484738
135	10	285667
136	0	4.90324e-07
136	1	6.57141e+09
136	2	9.77837e+08
136	3	2.1024e+10
136	4	3.58055e+10
136	5	2.87043e+10
136	6	1.06335e+08
136	7	1.40067e+08
136	8	5.28374e+06
136	9	568933
136	10	293833
137	0	2.70619e-06
137	1	8.32611e+09
137	2	1.1284e+09
137	3	2.33628e+10
137	4	3.8261e+10
137	5	2.97334e+10
137	6	9.7748e+07
137	7	1.4427e+08
137	8	7.15663e+06
137	9	696983
137	10	296451
138	0	1.39756e-05
138	1	1.01258e+10
138	2	1.43269e+09
138	3	2.57402e+10
138	4	4.0678e+10
138	5	3.06225e+10
138	6	8.99396e+07
138	7	1.448e+08
138	8	9.64748e+06
138	9	889661
138	10	289141
139	0	6.81409e-05
139	1	1.19595e+10
139	2	1.91032e+09
139	3	2.80722e+10
139	4	4.29263e+10
139	5	3.12716e+10
139	6	8.42866e+07
139	7	1.41246e+08
139	8	1.2875e+07
139	9	1.17867e+06
139	10	277259
140	0	0.000315651
140	1	1.37411e+10
140	2	2.58236e+09
140	3	3.03464e+10
140	4	4.50096e+10
140	5	3.17187e+10
140	6	7.91586e+07
140	7	1.3374e+08
140	8	1.68992e+07
140	9	1.60995e+06
140	10	259078
141	0	0.000400517
141	1	1.45815e+10
141	2	2.59385e+09
141	3	3.22865e+10
141	4	4.68303e+10
141	5	3.20423e+10
141	6	7.64875e+07
141	7	1.2782e+08
141	8	1.92887e+07
141	9	1.92913e+06
141	10	248315
142	0	0.00205576
142	1	1.62009e+10
142	2	3.53779e+09
142	3	3.4383e+10
142	4	4.85643e+10
142	5	3.2132e+10
142	6	7.27169e+07
142	7	1.16134e+08
142	8	2.43259e+07
142	9	2.71361e+06
142	10	224921
143	0	0.0101583
143	1	1.75883e+10
143	2	4.78071e+09
143	3	3.63153e+10
143	4	4.9991e+10
143	5	3.19973e+10
143	6	6.92468e+07
143	7	1.03118e+08
143	8	2.96743e+07
143	9	3.84255e+06
143	10	198733
144	0	0.0480192
144	1	1.87661e+10
144	2	6.36921e+09
144	3	3.80385e+10
144	4	5.10811e+10
144	5	3.16336e+10
144	6	6.61553e+07
144	7	9.0573e+07
144	8	3.48278e+07
144	9	5.42405e+06
144	10	170727
145	0	0.213838
145	1	1.95265e+10
145	2	8.31225e+09
145	3	3.9587e+10
145	4	5.18579e+10
145	5	3.10857e+10
145	6	6.36385e+07
145	7	7.89633e+07
145	8	3.90974e+07
145	9	7.55937e+06
145	10	141990
146	0	0.889785
146	1	1.98789e+10
146	2	1.05647e+10
146	3	4.08964e+10
146	4	5.22826e+10
146	5	3.0331e+10
146	6	6.16089e+07
146	7	6.95664e+07
146	8	4.18504e+07
146	9	1.03214e+07
146	10	113837
147	0	3.45258
147	1	1.97411e+10
147	2	1.30376e+10
147	3	4.19523e+10
147	4	5.22814e+10
147	5	2.93027e+10
147	6	6.02588e+07
147	7	6.15113e+07
147	8	4.25245e+07
147	9	1.37107e+07
147	10	87718.5
148	0	12.5266
148	1	1.92081e+10
148	2	1.56372e+10
148	3	4.26727e+10
148	4	5.19235e+10
148	5	2.80683e+10
148	6	5.95954e+07
148	7	5.57573e+07
148	8	4.09836e+07
148	9	1.76333e+07
148	10	64861.6
149	0	42.7262
149	1	1.83599e+10
149	2	1.82861e+10
149	3	4.31807e+10
149	4	5.13415e+10
149	5	2.67576e+10
149	6	5.98914e+07
149	7	5.10827e+07
149	8	3.73126e+07
149	9	2.18589e+07
149	10	46216
150	0	137.881
150	1	1.73671e+10
150	2	2.09297e+10
150	3	4.33266e+10
150	4	5.04695e+10
150	5	2.53054e+10
150	6	6.09654e+07
150	7	4.78793e+07
150	8	3.21439e+07
150	9	2.60486e+07
150	10	32080.4
151	0	408.831
151	1	1.63901e+10
151	2	2.35205e+10
151	3	4.30927e+10
151	4	4.91791e+10
151	5	2.3587e+10
151	6	6.2659e+07
151	7	4.51994e+07
151	8	2.60439e+07
151	9	2.97495e+07
151	10	22513.4
152	0	1169.71
152	1	1.56048e+10
152	2	2.59295e+10
152	3	4.25021e+10
152	4	4.77485e+10
152	5	2.18865e+10
152	6	6.46634e+07
152	7	4.30968e+07
152	8	2.00137e+07
152	9	3.25159e+07
152	10	16916.1
153	0	3230.5
153	1	1.51692e+10
153	2	2.82185e+10
153	3	4.15868e+10
153	4	4.6084e+10
153	5	2.01083e+10
153	6	6.65343e+07
153	7	4.13394e+07
153	8	1.43371e+07
153	9	3.39194e+07
153	10	14967.5
154	0	8614.94
154	1	1.52245e+10
154	2	3.03487e+10
154	3	4.03543e+10
154	4	4.42191e+10
154	5	1.8287e+10
154	6	6.76443e+07
154	7	3.97835e+07
154	8	9.92235e+06
154	9	3.37473e+07
154	10	15792.5
155	0	22188.8
155	1	1.58839e+10
155	2	3.22829e+10
155	3	3.87728e+10
155	4	4.20261e+10
155	5	1.63003e+10
155	6	6.73479e+07
155	7	3.84374e+07
155	8	6.29608e+06
155	9	3.1916e+07
155	10	19120.9
156	0	55210.8
156	1	1.72265e+10
156	2	3.4004e+10
156	3	3.70276e+10
156	4	3.98421e+10
156	5	1.44916e+10
156	6	6.5246e+07
156	7	3.72645e+07
156	8	4.16328e+06
156	9	2.87121e+07
156	10	24226.6
157	0	132753
157	1	1.9291e+10
157	2	3.55032e+10
157	3	3.5122e+10
157	4	3.75709e+10
157	5	1.27663e+10
157	6	6.12235e+07
157	7	3.64493e+07
157	8	2.64619e+06
157	9	2.44166e+07
157	10	30716.9
158	0	308560
158	1	2.20718e+10
158	2	3.67938e+10
158	3	3.31019e+10
158	4	3.52362e+10
158	5	1.1146e+10
158	6	5.54803e+07
158	7	3.59586e+07
158	8	2.144e+06
158	9	1.97439e+07
158	10	37883.4
159	0	693576
159	1	2.552e+10
159	2	3.78755e+10
159	3	3.09197e+10
159	4	3.27502e+10
159	5	9.546e+09
159	6	4.8512e+07
159	7	3.58011e+07
159	8	2.06255e+06
159	9	1.49418e+07
159	10	44955
160	0	1.50864e+06
160	1	2.95482e+10
160	2	3.87574e+10
160	3	2.86876e+10
160	4	3.03148e+10
160	5	8.1765e+09
160	6	4.09965e+07
160	7	3.58431e+07
160	8	2.47086e+06
160	9	1.08102e+07
160	10	51000.8
161	0	3.17677e+06
161	1	3.40396e+10
161	2	3.94227e+10
161	3	2.63801e+10
161	4	2.78615e+10
161	5	6.9698e+09
161	6	3.3679e+07
161	7	3.58766e+07
161	8	3.25064e+06
161	9	7.16388e+06
161	10	55101.3
162	0	6.48097e+06
162	1	3.88581e+10
162	2	3.98905e+10
162	3	2.40256e+10
162	4	2.53635e+10
162	5	5.88104e+09
162	6	2.71163e+07
162	7	3.56105e+07
162	8	4.3537e+06
162	9	4.62466e+06
162	10	56530.1
163	0	1.28187e+07
163	1	4.38609e+10
163	2	4.01495e+10
163	3	2.16304e+10
163	4	2.28388e+10
163	5	4.89395e+09
163	6	2.1789e+07
163	7	3.47441e+07
163	8	5.85138e+06
163	9	2.59921e+06
163	10	54954.5
164	0	2.46004e+07
164	1	4.89086e+10
164	2	4.02774e+10
164	3	1.92802e+10
164	4	2.03613e+10
164	5	4.04128e+09
164	6	1.78242e+07
164	7	3.30531e+07
164	8	7.65521e+06
164	9	1.49688e+06
164	10	50543.4
165	0	4.58433e+07
165	1	5.3872e+10
165	2	4.01754e+10
165	3	1.6994e+10
165	4	1.79529e+10
165	5	3.30564e+09
165	6	1.54498e+07
165	7	3.04553e+07
165	8	9.76742e+06
165	9	692895
165	10	43975.3
166	0	8.30205e+07
166	1	5.86393e+10
166	2	3.99052e+10
166	3	1.48069e+10
166	4	1.56176e+10
166	5	2.65023e+09
166	6	1.44869e+07
166	7	2.70394e+07
166	8	1.20241e+07
166	9	361651
166	10	36243.2
167	0	1.31161e+08
167	1	6.28729e+10
167	2	3.98454e+10
167	3	1.32683e+10
167	4	1.39901e+10
167	5	2.25083e+09
167	6	1.43937e+07
167	7	2.47091e+07
167	8	1.3143e+07
167	9	244659
167	10	32337.2
168	0	2.29027e+08
168	1	6.69881e+10
168	2	3.93474e+10
168	3	1.13155e+10
168	4	1.18835e+10
168	5	1.74521e+09
168	6	1.62178e+07
168	7	2.07519e+07
168	8	1.52603e+07
168	9	124801
168	10	25206.3
169	0	3.88274e+08
169	1	7.06645e+10
169	2	3.86912e+10
169	3	9.52988e+09
169	4	9.94811e+09
169	5	1.32202e+09
169	6	1.95974e+07
169	7	1.68248e+07
169	8	1.70055e+07
169	9	90153.6
169	10	19402.2
170	0	6.39717e+08
170	1	7.38845e+10
170	2	3.7774e+10
170	3	7.92062e+09
170	4	8.20433e+09
170	5	9.80548e+08
170	6	2.57419e+07
170	7	1.33746e+07
170	8	1.81525e+07
170	9	94910.2
170	10	16148
171	0	1.02537e+09
171	1	7.66499e+10
171	2	3.66094e+10
171	3	6.50013e+09
171	4	6.66478e+09
171	5	7.1119e+08
171	6	3.3986e+07
171	7	1.06551e+07
171	8	1.85276e+07
171	9	123680
171	10	15261.6
172	0	1.60066e+09
172	1	7.89635e+10
172	2	3.5103e+10
172	3	5.27193e+09
172	4	5.3366e+09
172	5	5.05256e+08
172	6	4.66229e+07
172	7	8.97895e+06
172	8	1.80524e+07
172	9	175696
172	10	17906
173	0	2.43665e+09
173	1	8.08163e+10
173	2	3.32008e+10
173	3	4.23686e+09
173	4	4.21422e+09
173	5	3.53976e+08
173	6	6.23405e+07
173	7	8.34122e+06
173	8	1.67682e+07
173	9	242164
173	10	23467.4
174	0	3.6221e+09
174	1	8.21923e+10
174	2	3.09361e+10
174	3	3.38173e+09
174	4	3.28357e+09
174	5	2.46433e+08
174	6	8.4876e+07
174	7	9.05358e+06
174	8	1.48342e+07
174	9	334299
174	10	32707.8
175	0	5.2653e+09
175	1	8.30795e+10
175	2	2.83746e+10
175	3	2.70527e+09
175	4	2.52733e+09
175	5	1.72174e+08
175	6	1.11425e+08
175	7	1.0972e+07
175	8	1.24979e+07
175	9	432450
175	10	44832.8
176	0	7.49508e+09
176	1	8.34712e+10
176	2	2.54859e+10
176	3	2.18438e+09
176	4	1.92308e+09
176	5	1.21985e+08
176	6	1.47585e+08
176	7	1.47861e+07
176	8	1.00474e+07
176	9	556627
176	10	59461.1
177	0	1.03608e+10
177	1	8.33435e+10
177	2	2.23004e+10
177	3	1.81975e+09
177	4	1.44637e+09
177	5	8.93872e+07
177	6	1.85141e+08
177	7	2.03284e+07
177	8	7.76137e+06
177	9	660204
177	10	74943.7
178	0	1.40419e+10
178	1	8.26967e+10
178	2	1.91562e+10
178	3	1.5853e+09
178	4	1.08009e+09
178	5	6.90185e+07
178	6	2.33147e+08
178	7	2.90604e+07
178	8	5.87169e+06
178	9	776924
178	10	89357.4
179	0	1.86758e+10
179	1	8.15136e+10
179	2	1.6081e+10
179	3	1.49524e+09
179	4	8.00214e+08
179	5	5.81685e+07
179	6	2.71672e+08
179	7	4.06317e+07
179	8	4.53425e+06
179	9	832151
179	10	100317
180	0	2.43975e+10
180	1	7.97883e+10
180	2	1.31995e+10
180	3	1.50612e+09
180	4	5.89086e+08
180	5	5.38608e+07
180	6	3.15327e+08
180	7	5.75606e+07
180	8	3.80695e+06
180	9	869235
180	10	105749
181	0	3.13328e+10
181	1	7.75174e+10
181	2	1.0516e+10
181	3	1.64169e+09
181	4	4.28874e+08
181	5	5.65283e+07
181	6	3.3527e+08
181	7	7.80252e+07
181	8	3.64954e+06
181	9	833100
181	10	104439
182	0	3.95904e+10
182	1	7.4691e+10
182	2	8.31407e+09
182	3	1.85251e+09
182	4	3.1336e+08
182	5	6.44672e+07
182	6	3.49844e+08
182	7	1.06241e+08
182	8	3.94603e+06
182	9	760300
182	10	96464.3
183	0	4.92529e+10
183	1	7.12939e+10
183	2	6.47733e+09
183	3	2.13817e+09
183	4	2.28492e+08
183	5	8.09244e+07
183	6	3.39767e+08
183	7	1.35466e+08
183	8	4.53362e+06
183	9	647841
183	10	83211.2
184	0	6.03684e+10
184	1	6.73414e+10
184	2	4.98565e+09
184	3	2.44095e+09
184	4	1.66426e+08
184	5	1.03941e+08
184	6	3.22228e+08
184	7	1.72714e+08
184	8	5.2224e+06
184	9	520555
184	10	66963.7
185	0	7.2943e+10
185	1	6.29018e+10
185	2	3.73054e+09
185	3	2.7251e+09
185	4	1.19164e+08
185	5	1.41616e+08
185	6	2.9854e+08
185	7	2.03578e+08
185	8	5.82115e+06
185	9	394740
185	10	50233.5
186	0	8.83831e+10
186	1	5.80965e+10
186	2	2.82802e+09
186	3	2.94163e+09
186	4	8.68816e+07
186	5	1.90445e+08
186	6	2.83706e+08
186	7	2.38515e+08
186	8	6.16614e+06
186	9	286152
186	10	35108.6
187	0	1.03798e+11
187	1	5.30439e+10
187	2	2.13569e+09
187	3	3.04661e+09
187	4	6.34318e+07
187	5	2.67316e+08
187	6	2.88508e+08
187	7	2.57502e+08
187	8	6.15902e+06
187	9	205821
187	10	22855.9
188	0	1.21948e+11
188	1	4.78815e+10
188	2	1.61006e+09
188	3	3.01197e+09
188	4	4.63807e+07
188	5	3.63127e+08
188	6	3.23193e+08
188	7	2.73846e+08
188	8	5.78108e+06
188	9	161061
188	10	13862.2
189	0	1.39585e+11
189	1	4.27202e+10
189	2	1.18275e+09
189	3	2.83225e+09
189	4	3.30854e+07
189	5	5.0495e+08
189	6	3.91949e+08
189	7	2.68981e+08
189	8	5.10109e+06
189	9	157381
189	10	7843.68
190	0	1.57873e+11
190	1	3.76664e+10
190	2	8.93086e+08
190	3	2.52934e+09
190	4	2.4298e+07
190	5	6.73834e+08
190	6	4.94462e+08
190	7	2.56152e+08
190	8	4.23872e+06
190	9	200105
190	10	4166.13
191	0	1.76553e+11
191	1	3.28277e+10
191	2	6.76239e+08
191	3	2.14151e+09
191	4	1.78946e+07
191	5	8.78584e+08
191	6	6.23721e+08
191	7	2.27467e+08
191	8	3.34108e+06
191	9	293523
191	10	2132.91
192	0	1.89835e+11
192	1	2.94561e+10
192	2	5.59981e+08
192	3	1.92864e+09
192	4	1.45313e+07
192	5	1.02657e+09
192	6	7.33045e+08
192	7	2.10346e+08
192	8	2.75809e+06
192	9	358835
192	10	1591.09
193	0	2.0955e+11
193	1	2.52027e+10
193	2	4.27576e+08
193	3	1.51083e+09
193	4	1.07613e+07
193	5	1.28325e+09
193	6	8.80834e+08
193	7	1.7323e+08
193	8	2.10161e+06
193	9	548386
193	10	1000.81
194	0	2.27585e+11
194	1	2.13552e+10
194	2	3.2415e+08
194	3	1.122e+09
194	4	7.87277e+06
194	5	1.54766e+09
194	6	1.00316e+09
194	7	1.34749e+08
194	8	1.68001e+06
194	9	766486
194	10	969.846
195	0	2.45837e+11
195	1	1.79692e+10
195	2	2.48817e+08
195	3	7.90475e+08
195	4	5.81055e+06
195	5	1.78412e+09
195	6	1.09137e+09
195	7	9.90914e+07
195	8	1.52119e+06
195	9	1.05983e+06
195	10	1368.41
196	0	2.62154e+11
196	1	1.50488e+10
196	2	1.95102e+08
196	3	5.28905e+08
196	4	4.37758e+06
196	5	1.96204e+09
196	6	1.13488e+09
196	7	6.87755e+07
196	8	1.6738e+06
196	9	1.28171e+06
196	10	2155.34
197	0	2.77788e+11
197	1	1.25929e+10
197	2	1.54996e+08
197	3	3.36576e+08
197	4	3.32862e+06
197	5	2.05173e+09
197	6	1.14669e+09
197	7	4.50095e+07
197	8	2.07282e+06
197	9	1.50737e+06
197	10	3393.3
198	0	2.9179e+11
198	1	1.05546e+10
198	2	1.24436e+08
198	3	2.04104e+08
198	4	2.54656e+06
198	5	2.03781e+09
198	6	1.09354e+09
198	7	2.7746e+07
198	8	2.71577e+06
198	9	1.58127e+06
198	10	4964.89
199	0	3.0337e+11
199	1	8.92128e+09
199	2	1.01979e+08
199	3	1.18284e+08
199	4	1.98437e+06
199	5	1.92415e+09
199	6	1.00615e+09
199	7	1.60976e+07
199	8	3.51528e+06
199	9	1.57053e+06
199	10	7091.93
200	0	3.13882e+11
200	1	7.65276e+09
200	2	8.57115e+07
200	3	6.57645e+07
200	4	1.58641e+06
200	5	1.73574e+09
200	6	9.02218e+08
200	7	8.78473e+06
200	8	4.41685e+06
200	9	1.44715e+06
200	10	9140.56
201	0	3.21992e+11
201	1	6.50101e+09
201	2	7.15644e+07
201	3	2.44427e+07
201	4	1.24718e+06
201	5	1.44313e+09
201	6	7.60132e+08
201	7	2.97955e+06
201	8	5.29813e+06
201	9	1.16823e+06
201	10	11620.2
202	0	3.27791e+11
202	1	6.03099e+09
202	2	6.59634e+07
202	3	1.86832e+07
202	4	1.11623e+06
202	5	1.3075e+09
202	6	6.99248e+08
202	7	2.19905e+06
202	8	6.05881e+06
202	9	1.0792e+06
202	10	13141
203	0	3.30767e+11
203	1	5.57116e+09
203	2	6.05917e+07
203	3	7.48862e+06
203	4	989989
203	5	1.12966e+09
203	6	6.12823e+08
203	7	684301
203	8	6.56512e+06
203	9	859354
203	10	14409.7
204	0	3.33201e+11
204	1	5.44779e+09
204	2	5.91537e+07
204	3	6.99645e+06
204	4	956957
204	5	1.09901e+09
204	6	6.14525e+08
204	7	652806
204	8	6.74995e+06
204	9	864681
204	10	14791.5
205	0	3.32739e+11
205	1	5.42378e+09
205	2	5.89186e+07
205	3	6.60316e+06
205	4	953258
205	5	1.16768e+09
205	6	6.117e+08
205	7	707694
205	8	6.66637e+06
205	9	918531
205	10	14723.3
206	0	3.29168e+11
206	1	5.76211e+09
206	2	6.29287e+07
206	3	1.16642e+07
206	4	1.04623e+06
206	5	1.25898e+09
206	6	6.7479e+08
206	7	1.4273e+06
206	8	6.05425e+06
206	9	1.00727e+06
206	10	13299.8
207	0	3.25999e+11
207	1	5.98125e+09
207	2	6.56396e+07
207	3	1.59197e+07
207	4	1.11151e+06
207	5	1.41409e+09
207	6	7.06981e+08
207	7	2.5672e+06
207	8	5.58598e+06
207	9	1.15733e+06
207	10	12395.3
208	0	3.17099e+11
208	1	7.0986e+09
208	2	7.92368e+07
208	3	4.09863e+07
208	4	1.43285e+06
208	5	1.64622e+09
208	6	8.69403e+08
208	7	6.04187e+06
208	8	4.40756e+06
208	9	1.36035e+06
208	10	9613.18
209	0	3.11153e+11
209	1	7.6053e+09
209	2	8.58552e+07
209	3	5.90069e+07
209	4	1.59649e+06
209	5	1.79356e+09
209	6	9.16806e+08
209	7	1.01716e+07
209	8	3.84696e+06
209	9	1.46364e+06
209	10	8293.77
210	0	2.95638e+11
210	1	9.67799e+09
210	2	1.1318e+08
210	3	1.35363e+08
210	4	2.2699e+06
210	5	1.95352e+09
210	6	1.06549e+09
210	7	2.06674e+07
210	8	2.69571e+06
210	9	1.57288e+06
210	10	5553.77
211	0	2.86927e+11
211	1	1.05823e+10
211	2	1.26389e+08
211	3	1.98731e+08
211	4	2.60683e+06
211	5	1.98909e+09
211	6	1.09259e+09
211	7	3.11203e+07
211	8	2.27582e+06
211	9	1.55205e+06
211	10	4371.28
212	0	2.66689e+11
212	1	1.38853e+10
212	2	1.76738e+08
212	3	3.89996e+08
212	4	3.90231e+06
212	5	1.94045e+09
212	6	1.14096e+09
212	7	5.5194e+07
212	8	1.63443e+06
212	9	1.41527e+06
212	10	2558.27
213	0	2.57078e+11
213	1	1.52855e+10
213	2	2.01326e+08
213	3	5.55289e+08
213	4	4.55352e+06
213	5	1.83474e+09
213	6	1.12301e+09
213	7	7.57097e+07
213	8	1.4903e+06
213	9	1.27354e+06
213	10	1908.57
214	0	2.31932e+11
214	1	2.00156e+10
214	2	2.91876e+08
214	3	9.18071e+08
214	4	6.98515e+06
214	5	1.59926e+09
214	6	1.02694e+09
214	7	1.15826e+08
214	8	1.57566e+06
214	9	974499
214	10	1057.46
215	0	2.20693e+11
215	1	2.19887e+10
215	2	3.36894e+08
215	3	1.19592e+09
215	4	8.2189e+06
215	5	1.41983e+09
215	6	9.69239e+08
215	7	1.44681e+08
215	8	1.7389e+06
215	9	786433
215	10	918.407
216	0	1.95328e+11
216	1	2.82097e+10
216	2	4.99906e+08
216	3	1.70537e+09
216	4	1.27681e+07
216	5	1.11207e+09
216	6	7.71241e+08
216	7	1.92784e+08
216	8	2.54177e+06
216	9	519125
216	10	1092.8
217	0	1.8298e+11
217	1	3.07496e+10
217	2	5.82073e+08
217	3	2.01931e+09
217	4	1.50879e+07
217	5	9.37271e+08
217	6	7.03787e+08
217	7	2.19434e+08
217	8	2.99787e+06
217	9	397112
217	10	1744.87
218	0	1.57873e+11
218	1	3.7518e+10
218	2	8.69307e+08
218	3	2.52848e+09
218	4	2.3445e+07
218	5	6.73799e+08
218	6	5.01671e+08
218	7	2.57417e+08
218	8	4.23849e+06
218	9	240597
218	10	3721.82
219	0	1.44039e+11
219	1	4.10896e+10
219	2	1.02602e+09
219	3	2.76346e+09
219	4	2.79715e+07
219	5	5.47234e+08
219	6	4.63726e+08
219	7	2.72632e+08
219	8	4.80917e+06
219	9	205917
219	10	6088.96
220	0	1.21965e+11
220	1	4.76109e+10
220	2	1.53449e+09
220	3	3.00912e+09
220	4	4.35248e+07
220	5	3.72164e+08
220	6	3.31918e+08
220	7	2.79317e+08
220	8	5.7796e+06
220	9	176111
220	10	12246.3
221	0	1.08563e+11
221	1	5.18628e+10
221	2	1.82679e+09
221	3	3.03803e+09
221	4	5.22321e+07
221	5	2.96568e+08
221	6	3.33924e+08
221	7	2.73548e+08
221	8	6.14168e+06
221	9	220563
221	10	18797.7
222	0	8.96659e+10
222	1	5.76008e+10
222	2	2.71591e+09
222	3	2.93638e+09
222	4	8.14659e+07
222	5	1.98017e+08
222	6	2.91293e+08
222	7	2.49702e+08
222	8	6.15022e+06
222	9	290206
222	10	31182.1
223	0	7.71544e+10
223	1	6.18322e+10
223	2	3.24747e+09
223	3	2.78508e+09
223	4	9.81235e+07
223	5	1.58321e+08
223	6	3.23477e+08
223	7	2.30534e+08
223	8	6.06603e+06
223	9	398841
223	10	44290.4
224	0	6.24345e+10
224	1	6.66101e+10
224	2	4.7426e+09
224	3	2.4298e+09
224	4	1.53323e+08
224	5	1.07747e+08
224	6	3.26131e+08
224	7	1.86645e+08
224	8	5.15296e+06
224	9	521329
224	10	60775.6
225	0	5.19849e+10
225	1	7.02849e+10
225	2	5.68172e+09
225	3	2.20172e+09
225	4	1.85125e+08
225	5	8.81294e+07
225	6	3.55313e+08
225	7	1.61739e+08
225	8	4.74718e+06
225	9	649676
225	10	76678.1
226	0	4.0965e+10
226	1	7.39648e+10
226	2	7.99366e+09
226	3	1.83692e+09
226	4	2.88872e+08
226	5	6.54514e+07
226	6	3.54284e+08
226	7	1.18798e+08
226	8	3.73514e+06
226	9	760713
226	10	90860.9
227	0	3.28329e+10
227	1	7.68088e+10
227	2	9.52243e+09
227	3	1.64791e+09
227	4	3.49286e+08
227	5	5.708e+07
227	6	3.50519e+08
227	7	9.4975e+07
227	8	3.47766e+06
227	9	840494
227	10	100689
228	0	2.519e+10
228	1	7.92795e+10
228	2	1.26795e+10
228	3	1.47491e+09
228	4	5.40715e+08
228	5	5.23477e+07
228	6	3.26544e+08
228	7	6.61792e+07
228	8	3.31883e+06
228	9	875519
228	10	104612
229	0	1.94313e+10
229	1	8.11845e+10
229	2	1.4837e+10
229	3	1.41325e+09
229	4	6.53944e+08
229	5	5.2798e+07
229	6	2.94759e+08
229	7	5.14467e+07
229	8	3.79568e+06
229	9	862057
229	10	101967
230	0	1.44336e+10
230	1	8.24235e+10
230	2	1.85219e+10
230	3	1.51739e+09
230	4	9.94897e+08
230	5	6.38038e+07
230	6	2.50225e+08
230	7	3.37102e+07
230	8	4.95968e+06
230	9	802877
230	10	93367.6
231	0	1.06835e+10
231	1	8.33761e+10
231	2	2.11175e+10
231	3	1.59796e+09
231	4	1.20192e+09
231	5	7.49339e+07
231	6	2.05832e+08
231	7	2.4157e+07
231	8	6.51856e+06
231	9	710269
231	10	80450.7
232	0	9.17582e+09
232	1	8.35531e+10
232	2	2.29292e+10
232	3	1.71992e+09
232	4	1.39201e+09
232	5	8.79003e+07
232	6	1.73721e+08
232	7	1.87779e+07
232	8	7.78164e+06
232	9	625928
232	10	68597.7
233	0	5.43206e+09
233	1	8.34435e+10
233	2	2.72705e+10
233	3	2.34023e+09
233	4	2.14269e+09
233	5	1.42431e+08
233	6	1.2619e+08
233	7	1.25254e+07
233	8	1.11364e+07
233	9	482136
233	10	50394.9
234	0	4.58765e+09
234	1	8.30962e+10
234	2	2.86727e+10
234	3	2.60888e+09
234	4	2.46729e+09
234	5	1.76456e+08
234	6	1.03057e+08
234	7	1.02023e+07
234	8	1.26665e+07
234	9	400857
234	10	40688.7
235	0	2.5365e+09
235	1	8.14446e+10
235	2	3.21807e+10
235	3	3.71155e+09
235	4	3.66504e+09
235	5	2.97281e+08
235	6	7.10728e+07
235	7	8.32222e+06
235	8	1.59351e+07
235	9	278444
235	10	26742.2
236	0	2.10475e+09
236	1	8.05727e+10
236	2	3.30019e+10
236	3	4.17809e+09
236	4	4.18583e+09
236	5	3.72432e+08
236	6	5.73353e+07
236	7	8.36446e+06
236	8	1.72613e+07
236	9	221722
236	10	21401
237	0	1.0814e+09
237	1	7.73907e+10
237	2	3.556e+10
237	3	5.85053e+09
237	4	5.97033e+09
237	5	6.13996e+08
237	6	3.93678e+07
237	7	9.62349e+06
237	8	1.85052e+07
237	9	144504
237	10	15805.7
238	0	8.80968e+08
238	1	7.59772e+10
238	2	3.5994e+10
238	3	6.55238e+09
238	4	6.74989e+09
238	5	7.57566e+08
238	6	3.19685e+07
238	7	1.14332e+07
238	8	1.85685e+07
238	9	115251
238	10	15429.7
239	0	4.18443e+08
239	1	7.12687e+10
239	2	3.77785e+10
239	3	8.85054e+09
239	4	9.20551e+09
239	5	1.18234e+09
239	6	2.30224e+07
239	7	1.51586e+07
239	8	1.77565e+07
239	9	87218.9
239	10	17410.4
240	0	3.3443e+08
240	1	6.92911e+10
240	2	3.8013e+10
240	3	9.80607e+09
240	4	1.02639e+10
240	5	1.41395e+09
240	6	1.94828e+07
240	7	1.85448e+07
240	8	1.68171e+07
240	9	95152.3
240	10	22031.1
241	0	1.46219e+08
241	1	6.31164e+10
241	2	3.92157e+10
241	3	1.26946e+10
241	4	1.33469e+10
241	5	2.07213e+09
241	6	1.61392e+07
241	7	2.31339e+07
241	8	1.42681e+07
241	9	154607
241	10	28726.3
242	0	1.14457e+08
242	1	6.05922e+10
242	2	3.93333e+10
242	3	1.38486e+10
242	4	1.46015e+10
242	5	2.38735e+09
242	6	1.51742e+07
242	7	2.65422e+07
242	8	1.26738e+07
242	9	261431
242	10	36294.6
243	0	4.58433e+07
243	1	5.3872e+10
243	2	4.00182e+10
243	3	1.68948e+10
243	4	1.78474e+10
243	5	3.29368e+09
243	6	1.59535e+07
243	7	3.04727e+07
243	8	9.76869e+06
243	9	595127
243	10	44050.5
244	0	3.50735e+07
244	1	5.03475e+10
244	2	4.0011e+10
244	3	1.83779e+10
244	4	1.94114e+10
244	5	3.7199e+09
244	6	1.73787e+07
244	7	3.22786e+07
244	8	8.10305e+06
244	9	1.0071e+06
244	10	50511.2
245	0	1.28187e+07
245	1	4.38611e+10
245	2	4.0141e+10
245	3	2.14464e+10
245	4	2.26595e+10
245	5	4.89045e+09
245	6	2.1738e+07
245	7	3.47184e+07
245	8	5.85731e+06
245	9	2.10271e+06
245	10	54933.6
246	0	9.53562e+06
246	1	3.96838e+10
246	2	3.99631e+10
246	3	2.30983e+10
246	4	2.43649e+10
246	5	5.46677e+09
246	6	2.58562e+07
246	7	3.49687e+07
246	8	4.72417e+06
246	9	3.26113e+06
246	10	56457.2
247	0	3.17684e+06
247	1	3.40392e+10
247	2	3.94938e+10
247	3	2.61099e+10
247	4	2.75799e+10
247	5	6.93628e+09
247	6	3.28578e+07
247	7	3.57801e+07
247	8	3.25891e+06
247	9	5.86912e+06
247	10	54969
248	0	2.26939e+06
248	1	2.99918e+10
248	2	3.91038e+10
248	3	2.78645e+10
248	4	2.93853e+10
248	5	7.76139e+09
248	6	3.92237e+07
248	7	3.52533e+07
248	8	2.52509e+06
248	9	8.15827e+06
248	10	50791.7
249	0	693641
249	1	2.55177e+10
249	2	3.79989e+10
249	3	3.06629e+10
249	4	3.24846e+10
249	5	9.50991e+09
249	6	4.69107e+07
249	7	3.55983e+07
249	8	2.03714e+06
249	9	1.28412e+07
249	10	44707.6
250	0	463658
250	1	2.22603e+10
250	2	3.73486e+10
250	3	3.25034e+10
250	4	3.44004e+10
250	5	1.06628e+10
250	6	5.34724e+07
250	7	3.55667e+07
250	8	1.92547e+06
250	9	1.6222e+07
250	10	37574.6
251	0	132757
251	1	1.92801e+10
251	2	3.56082e+10
251	3	3.48981e+10
251	4	3.72592e+10
251	5	1.26056e+10
251	6	5.9407e+07
251	7	3.60986e+07
251	8	2.36201e+06
251	9	2.21963e+07
251	10	30370.4
252	0	79519.5
252	1	1.72478e+10
252	2	3.46468e+10
252	3	3.67055e+10
252	4	3.92112e+10
252	5	1.40403e+10
252	6	6.35678e+07
252	7	3.67753e+07
252	8	3.31515e+06
252	9	2.57738e+07
252	10	23763.2
253	0	22189
253	1	1.58401e+10
253	2	3.23219e+10
253	3	3.85712e+10
253	4	4.17348e+10
253	5	1.60857e+10
253	6	6.62106e+07
253	7	3.79223e+07
253	8	5.18457e+06
253	9	3.0653e+07
253	10	18498.3
254	0	11321.5
254	1	1.51262e+10
254	2	3.09797e+10
254	3	4.01168e+10
254	4	4.35916e+10
254	5	1.76754e+10
254	6	6.6933e+07
254	7	3.91222e+07
254	8	7.61592e+06
254	9	3.24568e+07
254	10	14776.5
255	0	3230.51
255	1	1.50257e+10
255	2	2.82247e+10
255	3	4.13631e+10
255	4	4.56841e+10
255	5	1.97121e+10
255	6	6.65832e+07
255	7	4.08155e+07
255	8	1.19961e+07
255	9	3.42631e+07
255	10	13286.9
256	0	1366.12
256	1	1.54067e+10
256	2	2.64019e+10
256	3	4.24333e+10
256	4	4.73291e+10
256	5	2.13358e+10
256	6	6.48941e+07
256	7	4.23155e+07
256	8	1.7084e+07
256	9	3.35207e+07
256	10	14147.6
257	0	833.166
257	1	1.5879e+10
257	2	2.50655e+10
257	3	4.28052e+10
257	4	4.81477e+10
257	5	2.22382e+10
257	6	6.28363e+07
257	7	4.31676e+07
257	8	2.15094e+07
257	9	3.29036e+07
257	10	16672.3
258	0	146.431
258	1	1.68765e+10
258	2	2.12487e+10
258	3	4.34145e+10
258	4	5.01842e+10
258	5	2.47672e+10
258	6	6.1223e+07
258	7	4.65753e+07
258	8	2.92263e+07
258	9	2.8021e+07
258	10	25840.8
259	0	92.8037
259	1	1.75097e+10
259	2	1.98924e+10
259	3	4.33957e+10
259	4	5.0719e+10
259	5	2.55518e+10
259	6	5.95544e+07
259	7	4.8083e+07
259	8	3.40081e+07
259	9	2.57792e+07
259	10	34458.8
260	0	14.2685
260	1	1.84776e+10
260	2	1.61149e+10
260	3	4.299e+10
260	4	5.18637e+10
260	5	2.76792e+10
260	6	5.92467e+07
260	7	5.32244e+07
260	8	3.96518e+07
260	9	1.97079e+07
260	10	54360.5
261	0	9.17912
261	1	1.92034e+10
261	2	1.48975e+10
261	3	4.26013e+10
261	4	5.2043e+10
261	5	2.82833e+10
261	6	5.86218e+07
261	7	5.62414e+07
261	8	4.15579e+07
261	9	1.6434e+07
261	10	70270.5
262	0	1.23669
262	1	1.92776e+10
262	2	1.14593e+10
262	3	4.12663e+10
262	4	5.21644e+10
262	5	2.98861e+10
262	6	6.04014e+07
262	7	6.47471e+07
262	8	4.27515e+07
262	9	1.18639e+07
262	10	100097
263	0	0.789735
263	1	2.00572e+10
263	2	1.04315e+10
263	3	4.0561e+10
263	4	5.1955e+10
263	5	3.02917e+10
263	6	6.09597e+07
263	7	7.026e+07
263	8	4.0846e+07
263	9	9.49922e+06
263	10	120687
264	0	0.0926015
264	1	1.87509e+10
264	2	7.55676e+09
264	3	3.84091e+10
264	4	5.10036e+10
264	5	3.13073e+10
264	6	6.47905e+07
264	7	8.3542e+07
264	8	3.72236e+07
264	9	6.33866e+06
264	10	156394
265	0	0.0582432
265	1	1.87456e+10
265	2	6.75783e+09
265	3	3.74322e+10
265	4	5.04002e+10
265	5	3.15055e+10
265	6	6.6431e+07
265	7	9.165e+07
265	8	3.20732e+07
265	9	4.62088e+06
265	10	181491
266	0	0.00589432
266	1	1.68077e+10
266	2	4.58823e+09
266	3	3.45986e+10
266	4	4.84291e+10
266	5	3.1899e+10
266	6	7.15853e+07
266	7	1.08208e+08
266	8	2.68592e+07
266	9	3.17244e+06
266	10	212409
267	0	0.00365172
267	1	1.59852e+10
267	2	4.0361e+09
267	3	3.34223e+10
267	4	4.74941e+10
267	5	3.1883e+10
267	6	7.36541e+07
267	7	1.1672e+08
267	8	2.14517e+07
267	9	2.32955e+06
267	10	235013
268	0	0.000315651
268	1	1.37411e+10
268	2	2.58236e+09
268	3	3.03666e+10
268	4	4.49547e+10
268	5	3.16639e+10
268	6	7.87125e+07
268	7	1.30394e+08
268	8	1.67457e+07
268	9	1.60129e+06
268	10	259413
269	0	0.000193558
269	1	1.2215e+10
269	2	2.26446e+09
269	3	2.88674e+10
269	4	4.35736e+10
269	5	3.14097e+10
269	6	8.16731e+07
269	7	1.35796e+08
269	8	1.26728e+07
269	9	1.17125e+06
269	10	282143
270	0	1.39756e-05
270	1	1.01258e+10
270	2	1.43269e+09
270	3	2.57533e+10
270	4	4.06539e+10
270	5	3.05991e+10
270	6	8.78434e+07
270	7	1.4219e+08
270	8	9.56113e+06
270	9	884961
270	10	290530
271	0	8.59152e-06
271	1	8.40641e+09
271	2	1.32072e+09
271	3	2.40885e+10
271	4	3.89946e+10
271	5	3.00813e+10
271	6	9.23146e+07
271	7	1.41303e+08
271	8	7.09703e+06
271	9	697302
271	10	303947
272	0	4.90324e-07
272	1	6.6377e+09
272	2	9.78046e+08
272	3	2.10388e+10
272	4	3.58382e+10
272	5	2.87385e+10
272	6	1.01675e+08
272	7	1.39794e+08
272	8	5.31957e+06
272	9	570667
272	10	296465
273	0	3.09129e-07
273	1	5.13729e+09
273	2	1.05531e+09
273	3	1.92972e+10
273	4	3.39878e+10
273	5	2.79051e+10
273	6	1.08396e+08
273	7	1.33266e+08
273	8	3.97618e+06
273	9	487743
273	10	291910
274	0	1.25725e-08
274	1	3.81919e+09
274	2	1.07528e+09
274	3	1.65026e+10
274	4	3.07967e+10
274	5	2.61558e+10
274	6	1.22612e+08
274	7	1.27023e+08
274	8	3.02932e+06
274	9	434812
274	10	269509
275	0	8.3391e-09
275	1	2.74773e+09
275	2	1.33129e+09
275	3	1.47301e+10
275	4	2.87911e+10
275	5	2.49686e+10
275	6	1.31247e+08
275	7	1.18276e+08
275	8	2.32956e+06
275	9	402375
275	10	249825
276	0	2.11564e-10
276	1	1.9046e+09
276	2	1.6215e+09
276	3	1.2378e+10
276	4	2.57649e+10
276	5	2.29806e+10
276	6	1.47867e+08
276	7	1.11136e+08
276	8	1.84608e+06
276	9	382028
276	10	214193
277	0	1.5008e-10
277	1	1.2702e+09
277	2	2.03685e+09
277	3	1.06848e+10
277	4	2.36915e+10
277	5	2.15016e+10
277	6	1.56038e+08
277	7	1.03337e+08
277	8	1.49997e+06
277	9	373534
277	10	182107
278	0	1.20904e-11
278	1	8.14026e+08
278	2	2.52863e+09
278	3	8.82916e+09
278	4	2.09271e+10
278	5	1.9408e+10
278	6	1.67381e+08
278	7	9.73028e+07
278	8	1.26888e+06
278	9	372493
278	10	148440
279	0	1.20904e-11
279	1	5.00743e+08
279	2	3.07047e+09
279	3	7.36455e+09
279	4	1.8906e+10
279	5	1.77729e+10
279	6	1.69527e+08
279	7	9.15681e+07
279	8	1.10807e+06
279	9	374579
279	10	118841
280	0	1.20904e-11
280	1	2.95367e+08
280	2	3.69831e+09
280	3	5.94757e+09
280	4	1.64326e+10
280	5	1.56857e+10
280	6	1.70244e+08
280	7	8.69007e+07
280	8	1.00037e+06
280	9	374806
280	10	91291.4
281	0	1.20904e-11
281	1	1.66914e+08
281	2	4.32563e+09
281	3	4.79012e+09
281	4	1.45351e+10
281	5	1.40109e+10
281	6	1.64299e+08
281	7	8.29423e+07
281	8	920363
281	9	369646
281	10	69213.7
282	0	1.20904e-11
282	1	1.26744e+08
282	2	4.74103e+09
282	3	4.27447e+09
282	4	1.35062e+10
282	5	1.30825e+10
282	6	1.5923e+08
282	7	8.09127e+07
282	8	873925
282	9	359796
282	10	55996.4
283	0	1.20904e-11
283	1	4.67333e+07
283	2	5.74733e+09
283	3	2.91308e+09
283	4	1.06784e+10
283	5	1.047e+10
283	6	1.42145e+08
283	7	7.61377e+07
283	8	796686
283	9	332397
283	10	38108
284	0	1.20904e-11
284	1	3.37422e+07
284	2	6.29518e+09
284	3	2.56067e+09
284	4	9.80989e+09
284	5	9.65362e+09
284	6	1.34359e+08
284	7	7.45123e+07
284	8	754701
284	9	307782
284	10	30449.9
285	0	1.20904e-11
285	1	1.09388e+07
285	2	7.21967e+09
285	3	1.64905e+09
285	4	7.45958e+09
285	5	7.41039e+09
285	6	1.14729e+08
285	7	6.99104e+07
285	8	681261
285	9	261163
285	10	20414.1
286	0	1.20904e-11
286	1	7.34154e+06
286	2	7.94754e+09
286	3	1.43262e+09
286	4	6.77756e+09
286	5	6.76047e+09
286	6	1.0637e+08
286	7	6.82932e+07
286	8	639689
286	9	229866
286	10	16308.4
287	0	1.20904e-11
287	1	2.13452e+06
287	2	8.64569e+09
287	3	8.83746e+08
287	4	4.9303e+09
287	5	4.97627e+09
287	6	8.99113e+07
287	7	6.32252e+07
287	8	569344
287	9	178133
287	10	10962.2
288	0	1.20904e-11
288	1	1.28016e+06
288	2	9.49059e+09
288	3	7.73269e+08
288	4	4.42092e+09
288	5	4.49331e+09
288	6	8.27129e+07
288	7	6.12606e+07
288	8	532766
288	9	149736
288	10	8833.78
289	0	1.20904e-11
289	1	346896
289	2	9.68754e+09
289	3	4.92092e+08
289	4	3.05308e+09
289	5	3.1722e+09
289	6	6.98031e+07
289	7	5.51344e+07
289	8	471986
289	9	107377
289	10	6116.61
290	0	1.20904e-11
290	1	176672
290	2	1.0195e+10
290	3	4.60196e+08
290	4	2.69459e+09
290	5	2.83567e+09
290	6	6.3534e+07
290	7	5.25395e+07
290	8	442989
290	9	87186.3
290	10	5084.35
291	0	1.20904e-11
291	1	46984.9
291	2	9.81464e+09
291	3	3.6588e+08
291	4	1.75264e+09
291	5	1.92484e+09
291	6	5.31528e+07
291	7	4.53736e+07
291	8	392679
291	9	59235.7
291	10	3836.53
292	0	1.20904e-11
292	1	19564.6
292	2	9.65681e+09
292	3	3.95571e+08
292	4	1.51948e+09
292	5	1.70165e+09
292	6	4.84156e+07
292	7	4.25991e+07
292	8	370269
292	9	47164.8
292	10	3414.67
293	0	1.20904e-11
293	1	5313.9
293	2	8.66256e+09
293	3	4.37185e+08
293	4	9.23228e+08
293	5	1.1156e+09
293	6	3.99004e+07
293	7	3.57663e+07
293	8	326701
293	9	31205.3
293	10	2940.95
294	0	1.20904e-11
294	1	1821.24
294	2	7.80086e+09
294	3	5.28059e+08
294	4	7.84882e+08
294	5	9.70862e+08
294	6	3.56593e+07
294	7	3.26279e+07
294	8	304738
294	9	24790.8
294	10	2811.23
295	0	1.20904e-11
295	1	503.102
295	2	6.46025e+09
295	3	6.87883e+08
295	4	4.41892e+08
295	5	6.20738e+08
295	6	2.8569e+07
295	7	2.62575e+07
295	8	266959
295	9	16260.6
295	10	2672.48
296	0	1.20904e-11
296	1	148.571
296	2	5.26408e+09
296	3	8.52583e+08
296	4	3.6798e+08
296	5	5.30181e+08
296	6	2.50498e+07
296	7	2.32675e+07
296	8	241675
296	9	12948.1
296	10	2625.43
297	0	1.20904e-11
297	1	39.9586
297	2	3.98611e+09
297	3	1.13749e+09
297	4	1.90817e+08
297	5	3.41046e+08
297	6	1.92462e+07
297	7	1.77564e+07
297	8	210311
297	9	8532.06
297	10	2525.17
298	0	1.20904e-11
298	1	10.5929
298	2	2.92312e+09
298	3	1.40857e+09
298	4	1.55681e+08
298	5	2.91097e+08
298	6	1.65002e+07
298	7	1.52157e+07
298	8	184201
298	9	6771.3
298	10	2428.52
299	0	1.20904e-11
299	1	2.66418
299	2	2.01027e+09
299	3	1.79668e+09
299	4	7.45311e+07
299	5	2.07214e+08
299	6	1.21855e+07
299	7	1.09483e+07
299	8	158182
299	9	4555.6
299	10	2224.56
300	0	1.20904e-11
300	1	0.644248
300	2	1.32494e+09
300	3	2.1701e+09
300	4	6.00395e+07
300	5	1.90197e+08
300	6	1.02445e+07
300	7	9.0237e+06
300	8	135028
300	9	3663.77
300	10	2026.69
301	0	1.20904e-11
301	1	0.14886
301	2	8.24594e+08
301	3	2.58306e+09
301	4	2.77972e+07
301	5	1.76321e+08
301	6	7.4062e+06
301	7	6.09287e+06
301	8	115078
301	9	2590.31
301	10	1734.97
302	0	1.20904e-11
302	1	0.0328874
302	2	4.88817e+08
302	3	2.95174e+09
302	4	2.34877e+07
302	5	1.89549e+08
302	6	6.19574e+06
302	7	4.79672e+06
302	8	97834.1
302	9	2121.21
302	10	1472
303	0	1.20904e-11
303	1	0.00693776
303	2	2.75402e+08
303	3	3.25967e+09
303	4	1.3912e+07
303	5	2.32116e+08
303	6	4.607e+06
303	7	3.03234e+06
303	8	87215
303	9	1869.2
303	10	1183.28
304	0	1.20904e-11
304	1	0.00139578
304	2	1.47596e+08
304	3	3.45787e+09
304	4	1.54398e+07
304	5	2.82347e+08
304	6	3.98936e+06
304	7	2.26688e+06
304	8	79612.6
304	9	1851.37
304	10	939.355
305	0	1.20904e-11
305	1	0.000267349
305	2	7.53219e+07
305	3	3.52363e+09
305	4	1.76583e+07
305	5	3.86473e+08
305	6	3.35213e+06
305	7	1.34077e+06
305	8	83203.3
305	9	2207.18
305	10	714.995
306	0	1.20904e-11
306	1	4.863e-05
306	2	3.6645e+07
306	3	3.45023e+09
306	4	2.58577e+07
306	5	4.9504e+08
306	6	3.25575e+06
306	7	946162
306	8	91920.6
306	9	2717.57
306	10	539.038
307	0	1.20904e-11
307	1	8.36803e-06
307	2	1.70167e+07
307	3	3.2566e+09
307	4	3.78077e+07
307	5	6.68917e+08
307	6	3.39121e+06
307	7	525244
307	8	118246
307	9	3813.69
307	10	395.153
308	0	1.20904e-11
308	1	1.35437e-06
308	2	7.55085e+06
308	3	2.98254e+09
308	4	5.59543e+07
308	5	8.63466e+08
308	6	3.97834e+06
308	7	348903
308	8	158971
308	9	5210.06
308	10	289.421
309	0	1.20904e-11
309	1	8.11158e-07
309	2	4.81176e+06
309	3	2.86796e+09
309	4	7.41403e+07
309	5	9.92225e+08
309	6	4.52576e+06
309	7	267724
309	8	195244
309	9	6291.12
309	10	229.177
310	0	1.20904e-11
310	1	2.85101e-08
310	2	1.30197e+06
310	3	2.39548e+09
310	4	1.12881e+08
310	5	1.33041e+09
310	6	6.61137e+06
310	7	114739
310	8	316364
310	9	9328.5
310	10	151.673
311	0	1.20904e-11
311	1	1.7693e-08
311	2	752581
311	3	2.35226e+09
311	4	1.43417e+08
311	5	1.50918e+09
311	6	8.30854e+06
311	7	86534.9
311	8	411240
311	9	11385.5
311	10	119.865
312	0	1.20904e-11
312	1	4.13966e-10
312	2	188711
312	3	2.00315e+09
312	4	2.01302e+08
312	5	1.78139e+09
312	6	1.27707e+07
312	7	35777.8
312	8	633653
312	9	14714.7
312	10	79.3244
313	0	1.20904e-11
313	1	2.72772e-10
313	2	100389
313	3	2.0426e+09
313	4	2.37173e+08
313	5	1.94688e+09
313	6	1.6815e+07
313	7	27626.5
313	8	837744
313	9	17306.7
313	10	63.0042
314	0	1.20904e-11
314	1	1.20904e-11
314	2	22985.8
314	3	1.82317e+09
314	4	3.18188e+08
314	5	2.00983e+09
314	6	2.58585e+07
314	7	13632.4
314	8	1.18396e+06
314	9	19566.5
314	10	41.4979
315	0	1.20904e-11
315	1	1.20904e-11
315	2	10959.7
315	3	1.8458e+09
315	4	3.63874e+08
315	5	2.07068e+09
315	6	3.43485e+07
315	7	12076
315	8	1.53679e+06
315	9	21411.8
315	10	32.7731
316	0	1.20904e-11
316	1	1.20904e-11
316	2	2343.24
316	3	1.64632e+09
316	4	4.52754e+08
316	5	1.87674e+09
316	6	5.28869e+07
316	7	9539.99
316	8	1.97127e+06
316	9	21332.1
316	10	22.0502
317	0	1.20904e-11
317	1	1.20904e-11
317	2	940.38
317	3	1.55544e+09
317	4	4.97456e+08
317	5	1.7886e+09
317	6	7.0041e+07
317	7	10062
317	8	2.41427e+06
317	9	21177.9
317	10	17.4824
318	0	1.20904e-11
318	1	1.20904e-11
318	2	198.828
318	3	1.31277e+09
318	4	5.9316e+08
318	5	1.45159e+09
318	6	1.07347e+08
318	7	10872.6
318	8	2.81829e+06
318	9	18715.2
318	10	11.9425
319	0	1.20904e-11
319	1	1.20904e-11
319	2	64.2618
319	3	1.11711e+09
319	4	6.50103e+08
319	5	1.27532e+09
319	6	1.4229e+08
319	7	12315.9
319	8	3.16103e+06
319	9	16586.5
319	10	9.3439
320	0	1.20904e-11
320	1	1.20904e-11
320	2	13.9756
320	3	8.64799e+08
320	4	7.3509e+08
320	5	9.76449e+08
320	6	2.10723e+08
320	7	14383.7
320	8	3.35341e+06
320	9	13112.2
320	10	7.5215
321	0	1.20904e-11
321	1	1.20904e-11
321	2	3.69521
321	3	6.54088e+08
321	4	8.15909e+08
321	5	8.29375e+08
321	6	2.76993e+08
321	7	17189.2
321	8	3.39217e+06
321	9	10368.3
321	10	7.42923
322	0	1.20904e-11
322	1	1.20904e-11
322	2	0.811437
322	3	4.56962e+08
322	4	8.82536e+08
322	5	6.75687e+08
322	6	3.85225e+08
322	7	21239.6
322	8	3.23991e+06
322	9	7519.46
322	10	9.29075
323	0	1.20904e-11
323	1	1.20904e-11
323	2	0.18503
323	3	3.06063e+08
323	4	9.68121e+08
323	5	6.27668e+08
323	6	4.90974e+08
323	7	27174.5
323	8	2.92943e+06
323	9	5569.92
323	10	14.2253
324	0	1.20904e-11
324	1	1.20904e-11
324	2	0.0388736
324	3	1.91152e+08
324	4	1.03217e+09
324	5	6.11504e+08
324	6	6.3111e+08
324	7	36206
324	8	2.50162e+06
324	9	4174.31
324	10	24.9528
325	0	1.20904e-11
325	1	1.20904e-11
325	2	0.00793371
325	3	1.13259e+08
325	4	1.09711e+09
325	5	6.44705e+08
325	6	7.62436e+08
325	7	49540.7
325	8	2.01524e+06
325	9	3602.67
325	10	43.7583
326	0	1.20904e-11
326	1	1.20904e-11
326	2	0.00153467
326	3	6.28917e+07
326	4	1.14857e+09
326	5	6.90352e+08
326	6	8.99132e+08
326	7	69908.8
326	8	1.55591e+06
326	9	3756.36
326	10	77.3183
327	0	1.20904e-11
327	1	1.20904e-11
327	2	0.000283141
327	3	3.29302e+07
327	4	1.17335e+09
327	5	7.34545e+08
327	6	1.01019e+09
327	7	99997
327	8	1.14323e+06
327	9	4718.84
327	10	131.844
328	0	1.20904e-11
328	1	1.20904e-11
328	2	4.96136e-05
328	3	1.62194e+07
328	4	1.16422e+09
328	5	7.57916e+08
328	6	1.09063e+09
328	7	144480
328	8	896196
328	9	6624.79
328	10	218.242
329	0	1.20904e-11
329	1	1.20904e-11
329	2	8.23021e-06
329	3	7.51356e+06
329	4	1.11624e+09
329	5	7.491e+08
329	6	1.12507e+09
329	7	209987
329	8	723355
329	9	9772.55
329	10	350.462
330	0	1.20904e-11
330	1	1.20904e-11
330	2	1.28564e-06
330	3	3.27343e+06
330	4	1.02996e+09
330	5	7.04341e+08
330	6	1.10885e+09
330	7	305974
330	8	838872
330	9	14700.5
330	10	545.961
331	0	1.20904e-11
331	1	1.20904e-11
331	2	1.87608e-07
331	3	1.34126e+06
331	4	9.11893e+08
331	5	6.27598e+08
331	6	1.04239e+09
331	7	446107
331	8	1.02391e+06
331	9	22193.7
331	10	824.827
332	0	1.20904e-11
332	1	1.20904e-11
332	2	2.53034e-08
332	3	516918
332	4	7.73291e+08
332	5	5.28873e+08
332	6	9.3387e+08
332	7	649886
332	8	1.54821e+06
332	9	33533.9
332	10	1207.92
333	0	1.20904e-11
333	1	1.20904e-11
333	2	3.11453e-09
333	3	187415
333	4	6.27653e+08
333	5	4.21205e+08
333	6	7.97201e+08
333	7	945109
333	8	2.20401e+06
333	9	50386.6
333	10	1714.26
334	0	1.20904e-11
334	1	1.20904e-11
334	2	1.57832e-09
334	3	103653
334	4	5.44486e+08
334	5	3.6922e+08
334	6	7.25235e+08
334	7	1.3064e+06
334	8	2.6622e+06
334	9	71467.2
334	10	2210.07
335	0	1.20904e-11
335	1	1.20904e-11
335	2	3.3938e-11
335	3	20535.5
335	4	3.63334e+08
335	5	2.2681e+08
335	6	5.07228e+08
335	7	1.98386e+06
335	8	3.9427e+06
335	9	110428
335	10	3179.53
336	0	1.20904e-11
336	1	1.20904e-11
336	2	1.4994e-11
336	3	8476.86
336	4	2.98913e+08
336	5	1.90851e+08
336	6	4.50846e+08
336	7	2.82489e+06
336	8	4.52583e+06
336	9	157811
336	10	4084.37
337	0	1.20904e-11
337	1	1.20904e-11
337	2	1.20904e-11
337	3	1770.08
337	4	1.78869e+08
337	5	1.033e+08
337	6	2.89115e+08
337	7	4.12268e+06
337	8	5.59045e+06
337	9	225450
337	10	5692.66
338	0	1.20904e-11
338	1	1.20904e-11
338	2	1.20904e-11
338	3	533.979
338	4	1.37942e+08
338	5	8.62335e+07
338	6	2.67785e+08
338	7	5.93764e+06
338	8	5.99732e+06
338	9	311078
338	10	7591.65
339	0	1.20904e-11
339	1	1.20904e-11
339	2	1.20904e-11
339	3	120.568
339	4	7.60399e+07
339	5	5.0403e+07
339	6	1.92358e+08
339	7	8.53574e+06
339	8	6.14708e+06
339	9	411029
339	10	11859.4
340	0	1.20904e-11
340	1	1.20904e-11
340	2	1.20904e-11
340	3	29.5562
340	4	5.4081e+07
340	5	4.63092e+07
340	6	2.06677e+08
340	7	1.23262e+07
340	8	6.10398e+06
340	9	528680
340	10	17178.9
341	0	1.20904e-11
341	1	1.20904e-11
341	2	1.20904e-11
341	3	6.52667
341	4	2.81252e+07
341	5	4.24423e+07
341	6	2.01514e+08
341	7	1.7723e+07
341	8	5.20126e+06
341	9	642528
341	10	30754.3
342	0	1.20904e-11
342	1	1.20904e-11
342	2	1.20904e-11
342	3	1.40476
342	4	1.81112e+07
342	5	4.64892e+07
342	6	2.39089e+08
342	7	2.55138e+07
342	8	4.71893e+06
342	9	753367
342	10	45890.6
343	0	1.20904e-11
343	1	1.20904e-11
343	2	1.20904e-11
343	3	0.282506
343	4	8.98339e+06
343	5	5.99695e+07
343	6	2.69098e+08
343	7	3.64435e+07
343	8	3.37551e+06
343	9	832578
343	10	81695.8
344	0	1.20904e-11
344	1	1.20904e-11
344	2	1.20904e-11
344	3	0.0543638
344	4	5.15033e+06
344	5	7.15772e+07
344	6	3.08364e+08
344	7	5.14607e+07
344	8	2.75482e+06
344	9	877830
344	10	115048
345	0	1.20904e-11
345	1	1.20904e-11
345	2	1.20904e-11
345	3	0.00981001
345	4	2.432e+06
345	5	9.47324e+07
345	6	3.36404e+08
345	7	7.13253e+07
345	8	1.6822e+06
345	9	871673
345	10	186721
346	0	1.20904e-11
346	1	1.20904e-11
346	2	1.20904e-11
346	3	0.00168304
346	4	1.22773e+06
346	5	1.14202e+08
346	6	3.52786e+08
346	7	9.64152e+07
346	8	1.21842e+06
346	9	819109
346	10	243538
347	0	1.20904e-11
347	1	1.20904e-11
347	2	1.20904e-11
347	3	0.000269147
347	4	546938
347	5	1.39082e+08
347	6	3.52268e+08
347	7	1.26497e+08
347	8	654453
347	9	724211
347	10	344752
348	0	1.20904e-11
348	1	1.20904e-11
348	2	1.20904e-11
348	3	4.00794e-05
348	4	243675
348	5	1.61228e+08
348	6	3.33503e+08
348	7	1.60254e+08
348	8	424439
348	9	603321
348	10	415234
349	0	1.20904e-11
349	1	1.20904e-11
349	2	1.20904e-11
349	3	5.41957e-06
349	4	100682
349	5	1.76875e+08
349	6	3.01451e+08
349	7	1.95516e+08
349	8	223396
349	9	473759
349	10	508154
350	0	1.20904e-11
350	1	1.20904e-11
350	2	1.20904e-11
350	3	6.54132e-07
350	4	40036.5
350	5	1.89239e+08
350	6	2.58606e+08
350	7	2.28912e+08
350	8	152440
350	9	352612
350	10	558746
351	0	1.20904e-11
351	1	1.20904e-11
351	2	1.20904e-11
351	3	6.85782e-08
351	4	15048.1
351	5	1.87454e+08
351	6	2.14024e+08
351	7	2.56818e+08
351	8	120184
351	9	254733
351	10	601682
352	0	1.20904e-11
352	1	1.20904e-11
352	2	1.20904e-11
352	3	6.11195e-09
352	4	5374.6
352	5	1.78796e+08
352	6	1.71443e+08
352	7	2.75456e+08
352	8	131139
352	9	189455
352	10	601285
353	0	1.20904e-11
353	1	1.20904e-11
353	2	1.20904e-11
353	3	4.53521e-10
353	4	1820.6
353	5	1.61581e+08
353	6	1.35721e+08
353	7	2.82075e+08
353	8	170362
353	9	164071
353	10	581950
354	0	1.20904e-11
354	1	1.20904e-11
354	2	1.20904e-11
354	3	2.75499e-11
354	4	584.93
354	5	1.38111e+08
354	6	1.08906e+08
354	7	2.75446e+08
354	8	237513
354	9	184245
354	10	532599
355	0	1.20904e-11
355	1	1.20904e-11
355	2	1.20904e-11
355	3	1.20904e-11
355	4	178.256
355	5	1.11493e+08
355	6	9.11387e+07
355	7	2.56296e+08
355	8	338558
355	9	255136
355	10	473979
356	0	1.20904e-11
356	1	1.20904e-11
356	2	1.20904e-11
356	3	1.20904e-11
356	4	51.5303
356	5	8.49036e+07
356	6	8.12793e+07
356	7	2.27247e+08
356	8	485710
356	9	380303
356	10	405751
357	0	1.20904e-11
357	1	1.20904e-11
357	2	1.20904e-11
357	3	1.20904e-11
357	4	14.1305
357	5	6.09298e+07
357	6	7.76323e+07
357	7	1.92276e+08
357	8	698497
357	9	558692
357	10	342783
358	0	1.20904e-11
358	1	1.20904e-11
358	2	1.20904e-11
358	3	1.20904e-11
358	4	3.67525
358	5	4.1171e+07
358	6	7.84711e+07
358	7	1.55853e+08
358	8	1.00565e+06
358	9	780420
358	10	284669
359	0	1.20904e-11
359	1	1.20904e-11
359	2	1.20904e-11
359	3	1.20904e-11
359	4	2.13802
359	5	2.65601e+07
359	6	7.97105e+07
359	7	1.39554e+08
359	8	1.27242e+06
359	9	929626
359	10	249791
360	0	1.20904e-11
360	1	1.20904e-11
360	2	1.20904e-11
360	3	1.20904e-11
360	4	0.21189
360	5	1.56488e+07
360	6	8.75975e+07
360	7	9.35499e+07
360	8	2.0737e+06
360	9	1.25909e+06
360	10	200231
361	0	1.20904e-11
361	1	1.20904e-11
361	2	1.20904e-11
361	3	1.20904e-11
361	4	0.0994304
361	5	8.8261e+06
361	6	8.85375e+07
361	7	8.36456e+07
361	8	2.59979e+06
361	9	1.39816e+06
361	10	179447
362	0	1.20904e-11
362	1	1.20904e-11
362	2	1.20904e-11
362	3	1.20904e-11
362	4	0.00980542
362	5	4.6405e+06
362	6	9.7418e+07
362	7	5.69189e+07
362	8	4.12527e+06
362	9	1.55752e+06
362	10	147965
363	0	1.20904e-11
363	1	1.20904e-11
363	2	1.20904e-11
363	3	1.20904e-11
363	4	0.00308301
363	5	2.30153e+06
363	6	9.58759e+07
363	7	5.30182e+07
363	8	5.11287e+06
363	9	1.60709e+06
363	10	133589
364	0	1.20904e-11
364	1	1.20904e-11
364	2	1.20904e-11
364	3	1.20904e-11
364	4	0.00035264
364	5	1.06976e+06
364	6	9.71939e+07
364	7	4.29361e+07
364	8	7.57308e+06
364	9	1.4945e+06
364	10	111651
365	0	1.20904e-11
365	1	1.20904e-11
365	2	1.20904e-11
365	3	1.20904e-11
365	4	7.02894e-05
365	5	467007
365	6	9.12305e+07
365	7	4.18472e+07
365	8	9.1632e+06
365	9	1.43266e+06
365	10	98419.6
366	0	1.20904e-11
366	1	1.20904e-11
366	2	1.20904e-11
366	3	1.20904e-11
366	4	8.90411e-06
366	5	191171
366	6	8.13861e+07
366	7	4.16405e+07
366	8	1.23603e+07
366	9	1.1713e+06
366	10	80388
367	0	1.20904e-11
367	1	1.20904e-11
367	2	1.20904e-11
367	3	1.20904e-11
367	4	1.21826e-06
367	5	73403.3
367	6	7.08454e+07
367	7	4.16611e+07
367	8	1.43778e+07
367	9	1.07295e+06
367	10	67979.8
368	0	1.20904e-11
368	1	1.20904e-11
368	2	1.20904e-11
368	3	1.20904e-11
368	4	1.32324e-07
368	5	26421.6
368	6	5.50098e+07
368	7	4.67632e+07
368	8	1.75685e+07
368	9	894736
368	10	54077
369	0	1.20904e-11
369	1	1.20904e-11
369	2	1.20904e-11
369	3	1.20904e-11
369	4	1.25656e-08
369	5	8914.93
369	6	4.27833e+07
369	7	4.82351e+07
369	8	1.94698e+07
369	9	874003
369	10	44521
370	0	1.20904e-11
370	1	1.20904e-11
370	2	1.20904e-11
370	3	1.20904e-11
370	4	9.66106e-10
370	5	2818.8
370	6	2.93724e+07
370	7	5.52869e+07
370	8	2.17139e+07
370	9	913161
370	10	36540.1
371	0	1.20904e-11
371	1	1.20904e-11
371	2	1.20904e-11
371	3	1.20904e-11
371	4	6.07192e-11
371	5	835.076
371	6	1.98825e+07
371	7	5.81261e+07
371	8	2.29292e+07
371	9	1.02796e+06
371	10	31528.7
372	0	1.20904e-11
372	1	1.20904e-11
372	2	1.20904e-11
372	3	1.20904e-11
372	4	1.20904e-11
372	5	231.748
372	6	1.22411e+07
372	7	6.2426e+07
372	8	2.39754e+07
372	9	1.30773e+06
372	10	31889.1
373	0	1.20904e-11
373	1	1.20904e-11
373	2	1.20904e-11
373	3	1.20904e-11
373	4	1.20904e-11
373	5	60.2369
373	6	7.21058e+06
373	7	6.4136e+07
373	8	2.46896e+07
373	9	1.60577e+06
373	10	32425.8
374	0	1.20904e-11
374	1	1.20904e-11
374	2	1.20904e-11
374	3	1.20904e-11
374	4	1.20904e-11
374	5	14.662
374	6	3.95353e+06
374	7	6.16524e+07
374	8	2.54554e+07
374	9	2.10223e+06
374	10	43306.7
375	0	1.20904e-11
375	1	1.20904e-11
375	2	1.20904e-11
375	3	1.20904e-11
375	4	1.20904e-11
375	5	3.34148
375	6	2.03968e+06
375	7	5.87041e+07
375	8	2.67944e+07
375	9	2.65567e+06
375	10	51848.2
376	0	1.20904e-11
376	1	1.20904e-11
376	2	1.20904e-11
376	3	1.20904e-11
376	4	1.20904e-11
376	5	0.712895
376	6	985006
376	7	5.03436e+07
376	8	2.8724e+07
376	9	3.44908e+06
376	10	69804.8
377	0	1.20904e-11
377	1	1.20904e-11
377	2	1.20904e-11
377	3	1.20904e-11
377	4	1.20904e-11
377	5	0.142344
377	6	445607
377	7	4.19353e+07
377	8	3.15657e+07
377	9	4.45522e+06
377	10	85907
378	0	1.20904e-11
378	1	1.20904e-11
378	2	1.20904e-11
378	3	1.20904e-11
378	4	1.20904e-11
378	5	0.0265838
378	6	188711
378	7	3.29771e+07
378	8	3.5039e+07
378	9	5.79488e+06
378	10	101173
379	0	1.20904e-11
379	1	1.20904e-11
379	2	1.20904e-11
379	3	1.20904e-11
379	4	1.20904e-11
379	5	0.00463578
379	6	74792.8
379	7	2.44405e+07
379	8	3.86509e+07
379	9	7.57177e+06
379	10	113385
380	0	1.20904e-11
380	1	1.20904e-11
380	2	1.20904e-11
380	3	1.20904e-11
380	4	1.20904e-11
380	5	0.000751715
380	6	27735.4
380	7	1.70496e+07
380	8	4.17027e+07
380	9	9.88485e+06
380	10	120817
381	0	1.20904e-11
381	1	1.20904e-11
381	2	1.20904e-11
381	3	1.20904e-11
381	4	1.20904e-11
381	5	0.000112379
381	6	9621.14
381	7	1.11838e+07
381	8	4.34578e+07
381	9	1.27983e+07
381	10	122878
382	0	1.20904e-11
382	1	1.20904e-11
382	2	1.20904e-11
382	3	1.20904e-11
382	4	1.20904e-11
382	5	1.52663e-05
382	6	3121.45
382	7	6.89284e+06
382	8	4.33441e+07
382	9	1.63041e+07
382	10	120340
383	0	1.20904e-11
383	1	1.20904e-11
383	2	1.20904e-11
383	3	1.20904e-11
383	4	1.20904e-11
383	5	1.84709e-06
383	6	947.002
383	7	3.98913e+06
383	8	4.11221e+07
383	9	2.02866e+07
383	10	115255
384	0	1.20904e-11
384	1	1.20904e-11
384	2	1.20904e-11
384	3	1.20904e-11
384	4	1.20904e-11
384	5	9.09871e-07
384	6	606.448
384	7	2.24343e+06
384	8	3.77042e+07
384	9	2.23146e+07
384	10	115938
385	0	1.20904e-11
385	1	1.20904e-11
385	2	1.20904e-11
385	3	1.20904e-11
385	4	1.20904e-11
385	5	1.74006e-08
385	6	71.2337
385	7	1.10449e+06
385	8	3.13826e+07
385	9	2.85814e+07
385	10	109045
386	0	1.20904e-11
386	1	1.20904e-11
386	2	1.20904e-11
386	3	1.20904e-11
386	4	1.20904e-11
386	5	7.00511e-09
386	6	44.1351
386	7	544277
386	8	2.60203e+07
386	9	3.00865e+07
386	10	117136
387	0	1.20904e-11
387	1	1.20904e-11
387	2	1.20904e-11
387	3	1.20904e-11
387	4	1.20904e-11
387	5	7.88909e-11
387	6	4.09092
387	7	237017
387	8	1.89475e+07
387	9	3.45174e+07
387	10	125290
388	0	1.20904e-11
388	1	1.20904e-11
388	2	1.20904e-11
388	3	1.20904e-11
388	4	1.20904e-11
388	5	2.36606e-11
388	6	2.4416
388	7	103518
388	8	1.37884e+07
388	9	3.44603e+07
388	10	146271
389	0	1.20904e-11
389	1	1.20904e-11
389	2	1.20904e-11
389	3	1.20904e-11
389	4	1.20904e-11
389	5	1.20904e-11
389	6	0.17923
389	7	39484.8
389	8	8.96854e+06
389	9	3.489e+07
389	10	171314
390	0	1.20904e-11
390	1	1.20904e-11
390	2	1.20904e-11
390	3	1.20904e-11
390	4	1.20904e-11
390	5	1.20904e-11
390	6	0.102036
390	7	15540.1
390	8	5.6796e+06
390	9	3.267e+07
390	10	202210
391	0	1.20904e-11
391	1	1.20904e-11
391	2	1.20904e-11
391	3	1.20904e-11
391	4	1.20904e-11
391	5	1.20904e-11
391	6	0.00597012
391	7	5138.64
391	8	3.31543e+06
391	9	2.89909e+07
391	10	235808
392	0	1.20904e-11
392	1	1.20904e-11
392	2	1.20904e-11
392	3	1.20904e-11
392	4	1.20904e-11
392	5	1.20904e-11
392	6	0.00318061
392	7	1869.52
392	8	1.84455e+06
392	9	2.50649e+07
392	10	266469
393	0	1.20904e-11
393	1	1.20904e-11
393	2	1.20904e-11
393	3	1.20904e-11
393	4	1.20904e-11
393	5	1.20904e-11
393	6	0.00014726
393	7	529.661
393	8	958062
393	9	1.95094e+07
393	10	296075
394	0	1.20904e-11
394	1	1.20904e-11
394	2	1.20904e-11
394	3	1.20904e-11
394	4	1.20904e-11
394	5	1.20904e-11
394	6	6.95851e-05
394	7	184.795
394	8	472343
394	9	1.51872e+07
394	10	315898
395	0	1.20904e-11
395	1	1.20904e-11
395	2	1.20904e-11
395	3	1.20904e-11
395	4	1.20904e-11
395	5	1.20904e-11
395	6	2.422e-06
395	7	44.3124
395	8	218230
395	9	1.05059e+07
395	10	333535
396	0	1.20904e-11
396	1	1.20904e-11
396	2	1.20904e-11
396	3	1.20904e-11
396	4	1.20904e-11
396	5	1.20904e-11
396	6	8.49725e-07
396	7	15.4317
396	8	96309
396	9	7.19282e+06
396	10	338889
397	0	1.20904e-11
397	1	1.20904e-11
397	2	1.20904e-11
397	3	1.20904e-11
397	4	1.20904e-11
397	5	1.20904e-11
397	6	2.17546e-08
397	7	3.11784
397	8	40143.6
397	9	4.49046e+06
397	10	346636
398	0	1.20904e-11
398	1	1.20904e-11
398	2	1.20904e-11
398	3	1.20904e-11
398	4	1.20904e-11
398	5	1.20904e-11
398	6	1.53701e-09
398	7	1.08714
398	8	16225.7
398	9	2.70035e+06
398	10	342375
399	0	1.20904e-11
399	1	1.20904e-11
399	2	1.20904e-11
399	3	1.20904e-11
399	4	1.20904e-11
399	5	1.20904e-11
399	6	8.67272e-11
399	7	0.19123
399	8	6324.95
399	9	1.51938e+06
399	10	349855
400	0	1.20904e-11
400	1	1.20904e-11
400	2	1.20904e-11
400	3	1.20904e-11
400	4	1.20904e-11
400	5	1.20904e-11
400	6	1.20904e-11
400	7	0.0606907
400	8	2458.27
400	9	811045
400	10	345546
401	0	1.20904e-11
401	1	1.20904e-11
401	2	1.20904e-11
401	3	1.20904e-11
401	4	1.20904e-11
401	5	1.20904e-11
401	6	1.20904e-11
401	7	0.0303366
401	8	1704.97
401	9	609999
401	10	349573
402	0	1.20904e-11
402	1	1.20904e-11
402	2	1.20904e-11
402	3	1.20904e-11
402	4	1.20904e-11
402	5	1.20904e-11
402	6	1.20904e-11
402	7	0.00226567
402	8	380.002
402	9	195942
402	10	380403
403	0	1.20904e-11
403	1	1.20904e-11
403	2	1.20904e-11
403	3	1.20904e-11
403	4	1.20904e-11
403	5	1.20904e-11
403	6	1.20904e-11
403	7	0.000469233
403	8	154.796
403	9	89340
403	10	406334
404	0	1.20904e-11
404	1	1.20904e-11
404	2	1.20904e-11
404	3	1.20904e-11
404	4	1.20904e-11
404	5	1.20904e-11
404	6	1.20904e-11
404	7	8.99447e-05
404	8	64.0074
404	9	38990.2
404	10	441770
405	0	1.20904e-11
405	1	1.20904e-11
405	2	1.20904e-11
405	3	1.20904e-11
405	4	1.20904e-11
405	5	1.20904e-11
405	6	1.20904e-11
405	7	5.05295e-05
405	8	45.1785
405	9	27689.1
405	10	471770
406	0	1.20904e-11
406	1	1.20904e-11
406	2	1.20904e-11
406	3	1.20904e-11
406	4	1.20904e-11
406	5	1.20904e-11
406	6	1.20904e-11
406	7	2.36621e-06
406	8	10.7046
406	9	6694.86
406	10	532352
407	0	1.20904e-11
407	1	1.20904e-11
407	2	1.20904e-11
407	3	1.20904e-11
407	4	1.20904e-11
407	5	1.20904e-11
407	6	1.20904e-11
407	7	3.08813e-07
407	8	4.18972
407	9	2679.69
407	10	576687
408	0	1.20904e-11
408	1	1.20904e-11
408	2	1.20904e-11
408	3	1.20904e-11
408	4	1.20904e-11
408	5	1.20904e-11
408	6	1.20904e-11
408	7	3.39051e-08
408	8	1.56716
408	9	1062.53
408	10	609838
